PRIMARY VOTES	RUNOFF VOTES	GENERAL VOTES 	
			
48702		196374	
21308			
13809			
3854			
87673			
		4302	
87673		200676	
			
		270	
		283953	
			
		483	
		273930	
			
10971		69706	
10353			
21324			
		341	
21324		269118	
			
65163		189185	
26694			
91857			
		336	
91857		291293	
			
63360		219262	
28673			
8120			
2930			
33			
103116			
5061		88267	
3229			
8290			
		573	
111406		308102	
			
11537		73835	
5918			
17455			
		203	
17455		306558	
			
329715		1933630	
			
58789		185296	
11179			
4841			
74809			
16329		82927	
7374			
5626			
2085			
1034			
32448			
5741		15028	
5741			
		5589	
		964	
112998		289804	
			
112998		289804	
			
		7221	
		4420	
		697	
		438	
		300	
		13076	
			
		13076	
			
			
33831		122774	
19247			
53078			
28644		113594	
8958			
6758			
2707			
47067			
97		15227	
97			
100242		251595	
			
51206		147338	
11213			
4			
62423			
52809		144884	
11828			
64637			
		57	
127060		292279	
			
24044		98468	
9484			
3105			
36633			
12474		62663	
6622			
19096			
116		7567	
116			
55845		168698	
			
40033		162907	
24617			
13315			
77965			
10183		69154	
10164			
20347			
189		9306	
189			
11		2393	
11			
98512		243760	
			
41078		183470	
38152			
79230			
19659		89589	
19659			
98889		273059	
			
41821		179706	
39414			
81235			
12383		97666	
11471			
23854			
287		10167	
287			
2		5637	
2			
		1	
105378		293177	
			
22664		104489	
6013			
28677			
162		23338	
162			
116			
116			
28955		127827	
			
57257		172809	
11572			
18			
68847			
24510		95635	
24510			
34		4347	
34			
93391		272791	
			
15536		121881	
11419			
11146			
38101			
11184		111630	
10479			
10165			
9179			
3358			
3281			
2139			
49785			
90		16620	
90			
87976		250131	
			
796248		2173317	
			
357360		1104457	
110150			
29159			
19174			
126			
56			
516025			
289881		1036542	
289881			
591		102109	
591			
		290	
		24	
806497		2243422	
			
			
27936	10028	96601	
21861	9737		
6605			
56402	19765		
		6427	
		5015	
56402	19765	246843	
			
		8566	
		6701	
		286598	
			
		39318	
		245660	
			
20899		154149	
13460			
1953			
36312			
23848	15266	95013	
19812	9895		
11771			
55431	25161		
		4984	
		4807	
			
91743	25161	258953	
			
148145	44926	1038054	
			
			
66527		168827	
43409		125386	
25224			
10530			
10258			
8598			
5901			
4939			
175386		294213	
			
63922		226216	
25635		91310	
25462			
16946			
14041			
10008			
3715			
3033			
2488			
2385			
1737			
1151			
170523		317526	
			
59546		126882	
30254		107086	
17902			
5541			
2438			
115681		233968	
			
114311		197803	
62130		125885	
176441		323688	
			
95748		202872	
22137		69545	
14734			
132619		272417	
			
67174		160667	
15647		53406	
11254			
94075		214073	
			
49433		141241	
63586		132050	
3854			
3707			
120580		273291	
			
12517		103093	
12754		76551	
12277			
11674			
8801			
7941			
4924			
3181			
2750			
1850			
1376			
1050			
761			
81856		179644	
			
45696		118373	
38488		94704	
11458			
95642		213077	
			
45779		110265	
26072		98934	
13983			
5028			
2114			
92976		209199	
			
76163		200743	
40333		87136	
9092			
4635			
130223		287879	
			
89446		253709	
16206		44478	
6398			
3756			
2146			
1499			
119451		298187	
			
94709		250436	
13502		38146	
5741			
113952		288582	
			
80850		203828	
23299		54455	
4607			
108756		258283	
			
34347		120388	
39943		110646	
20618			
94908		231034	
			
25355		84649	
15053		62801	
6776			
6529			
5703			
59416		147450	
			
60252		159392	
24916		57336	
5163			
90331		216728	
			
86851		212831	
42174		89103	
6504			
5777			
141306		301934	
			
60726		162300	
21421		59313	
7192			
3829			
93168		221613	
			
68895		172996	
23905		60566	
5487			
4095			
2211			
1733			
703			
107029		233562	
			
27251		67164	
10575		49119	
9990			
47816		116283	
			
67386		132386	
28091		81555	
95477		213941	
			
71109		158161	
17018		57842	
10414			
98541		216003	
			
72356		156749	
46295		127746	
33604			
3832			
156087		284495	
			
39997		129593	
23542		106982	
10387			
5215			
79141		236575	
			
29892		139072	
49043		124863	
20301			
7244			
2809			
1880			
111169		263935	
			
50203		154191	
20868		86817	
15819			
86890		241008	
			
42797		188703	
12633		58008	
5978			
3749			
2829			
2437			
2119			
72542		246711	
			
24882		111287	
8382		38994	
5379			
38643		150281	
			
40589		149456	
31086		98395	
11991			
5521			
3878			
1976			
792			
95833		247851	
			
16708		88964	
15557		72255	
14181			
8487			
4188			
3546			
62667		161219	
			
24094		124903	
21843		65208	
6322			
52259		190111	
			
51235		171860	
27850		146660	
17264			
5020			
4916			
3940			
1988			
847			
113060		318520	
			
27939		120367	
5793		20223	
2407			
36139		140590	
			
12425		79698	
15388		62982	
6372			
34185		142680	
			
37847		110189	
52474		97953	
90321		208142	
			
54345		207039	
36		32541	
8			
4			
54393		239580	
			
33223		145280	
13363		69807	
12713			
59299		215087	
			
62874		145607	
28457		106360	
3561			
94892		251967	
			
16596		73940	
8777		51613	
25373		125553	
			
20860		103578	
25379		72074	
4991			
4723			
956			
56909		175652	
			
35392		130245	
9860		84702	
7377			
6374			
5678			
4254			
68935		214947	
			
36062		143123	
19061		57771	
55123		200894	
			
24843		99909	
16523		65989	
41366		165898	
			
54346		171417	
35182		121814	
17014			
106542		293231	
			
25706		95694	
14571		54121	
5251			
1969			
1852			
49349		149815	
			
27356		130093	
23831		99919	
8769			
7951			
5848			
2563			
2350			
2273			
80941		230012	
			
73302		177144	
31912		113358	
5355			
110569		290502	
			
71329		159725	
35816		114893	
7988			
1626			
116759		274618	
			
76818		174838	
19142		83455	
8553			
6160			
3275			
113948		258293	
			
30143		113934	
13016		45464	
10107			
4487			
3290			
2794			
1667			
65504		159398	
			
34106		151451	
61930		144459	
33387			
6138			
5502			
4476			
2368			
1156			
1091			
828			
150982		295910	
			
70462		164825	
51423		103482	
7			
3			
121895		268307	
			
4957868		12204357	
			
2392822		7864624	
613613		4713887	
323840			
157946			
154781			
137120			
135421			
109399			
101648			
97782			
97024			
76482			
75842			
57720			
56524			
51623			
39035			
33037			
29997			
29357			
27203			
22529			
21762			
12269			
25			
4854801		12578511	
			
			
37072		237579	
37072			
11936		93217	
6407			
18343			
		12585	
		4829	
		18	
55415		348228	
			
36097		234758	
36097			
21547		162639	
18890			
40437			
		13770	
		10413	
76534		421580	
			
48465		185291	
48465			
33970		142920	
33970			
		11125	
166		8212	
108			
274			
		26	
82709		347574	
			
49340		200006	
49340			
20671		125800	
20671			
		10682	
118		5848	
118			
			
70129		342336	
			
43929		199639	
27245			
71174			
		53318	
		22778	
		18284	
129		13212	
129			
		6	
71303		307237	
			
35721		163938	
35721			
22938		156937	
22938			
		13442	
		8597	
58659		342914	
			
29987		182460	
29987			
31254		139066	
31254			
79		10296	
79			
		9148	
61320		340970	
			
476069		2450839	
			
			
		14133	
			
		5477	
		2290	
		297061	
			
		15264	
14256		88103	
7050			
			
			
21306			
		3638	
		3511	
21306		299960	
			
		20410	
			
		1	
		1	
		291301	
			
		8609	
			
			
		293432	
			
		8467	
12717		137631	
9216			
6582			
			
28515			
		9710	
9536		128927	
8033			
6167			
5966			
			
29702			
		12	
		10	
58217		284757	
			
79523		1466511	
			
		35778	
94424		792983	
47109			
			
			
			
			
141533			
		46520	
82646		604569	
30802			
			
			
			
113448			
		25045	
		6414	
		388	
		40	
		19	
		8	
254981		1511764	
			
15018		129757	
7888			
22906			
22906		388059	
			
22906		388059	
			
43587		265415	
6028			
49615			
		1	
			
49615		399607	
			
52881		246664	
1474			
54355			
64		16524	
64			
265		13243	
64			
329			
769			
769			
		2132	
55517		278563	
			
55517		278563	
			
			
		11176	
		17	
		342594	
			
46900		157634	
22357			
11919			
4653			
85829			
		228	
85829		333718	
			
22273		204331	
21398			
12329			
8769			
64769			
		8870	
64769		315669	
			
46788		239988	
11816			
6505			
65109			
		75236	
		246	
65109		315470	
			
		7978	
		3	
		269153	
			
24132		195962	
14189			
8229			
8113			
6090			
739			
628			
62120			
29909		146489	
7253			
37162			
99282		342451	
			
32119		185518	
20404			
52523			
12816		130479	
8088			
20904			
		13	
73427		316010	
			
		12607	
		348909	
			
12585		98856	
7514			
3983			
2510			
26592			
			
			
26592		263747	
			
		46	
		318269	
			
		338663	
			
		6878	
		4915	
		330167	
			
39395		189605	
10548			
7049			
56992			
56992		329347	
			
12084		83480	
7953			
20037			
			
20037		280601	
			
			
			
		349076	
			
37881		165488	
13871			
51752			
		12	
51752		282266	
			
26791		166257	
3843			
2984			
33618			
45790		164353	
15758			
61548			
		55	
			
95166		330665	
			
22304		189833	
16005			
13167			
11498			
10389			
1028			
74391			
		6637	
74391		306216	
			
		29553	
		5	
		244285	
			
		37776	
		25361	
		284400	
			
18483		171021	
11644			
30127			
30127		313071	
			
8043		98096	
3383			
2356			
1674			
1380			
16836			
		3129	
16836		275430	
			
21680			
64487			
64487			
			
		31664	
		17099	
		200229	
			
13927		135694	
8027			
2856			
1286			
26096			
		5726	
		2717	
26096		252957	
			
		6663	
		230171	
			
850892		7513534	
			
690112		4523451	
185629			
875741			
661570		3458267	
226901			
156158			
82390			
1127019			
		126079	
		82089	
		19	
		18	
		12	
		9	
		2	
2002760		8189946	
			
			
61353		157181	
61353			
15390		92399	
12952			
28342			
89695		249580	
			
68981		162751	
68981			
8614	2705	92410	
11312	2217		
7043			
26969	4922		
95950	4922	255161	
			
64765		232380	
13139			
12517			
90421			
		105	
90421		232485	
			
52982		208861	
13130			
2728			
68840			
17261		75041	
14422			
31683			
		58	
		2	
100523		283962	
			
69985		234330	
16666			
86651			
11426		43335	
11426			
		12	
		12	
98077		277689	
			
71032		189669	
71032			
10313		104365	
9881			
20194			
91226		294034	
			
45157		156689	
17730			
62887			
12394		95377	
12394			
75281		252066	
			
59300		197789	
59300			
59300		197789	
			
45894	39016	192101	
45160	32417		
18730			
109784	71433		
8963		60052	
8963			
118747	71433	252153	
			
58405		211065	
26256			
84661			
		401	
84661		211466	
			
75697		196968	
9231			
8604			
93532			
14162		90353	
14162			
		30	
107694		287351	
			
41587		139148	
41587			
20551	13785	119973	
15436	13626		
14856			
9207			
60050	27411		
101637	27411	259121	
			
55214		201988	
55214			
28693		79550	
28693			
83907		281538	
			
65873		159947	
65873			
10228		59245	
10228			
76101		219192	
			
1273220	103766	3553587	
			
7866		19765	
2829			
70			
10765			
5301		12995	
90			
5391			
86			
3			
89			
		246	
16245		33006	
			
16245		33006	
			
			
92136		116505	
17369			
109505			
25984		96824	
799			
376			
27159			
136664		213329	
			
62882		168503	
39176			
6681			
4327			
573			
520			
114159			
9056		40707	
5843			
14899			
129058		209210	
			
265722		422539	
			
134745		269489	
95553			
1720			
1104			
517			
233639			
44252		160994	
2900			
545			
366			
232			
48295			
827			
827			
282761		430483	
			
			
58003		199402	
13917			
71920			
5362		97450	
4723			
10085			
		12265	
		7607	
82005		316724	
			
50799		207412	
22240			
73039			
10528		110847	
1997		235	
12525			
85564		318494	
			
167569		635218	
			
			
64533		236854	
3210			
2598			
2412			
2232			
1980			
76965			
16355		83989	
5773			
1501			
23629			
		1	
100594		320844	
			
56109		188303	
22672			
78781			
11123		69115	
6347			
17470			
		40006	
		288	
96251		297712	
			
44532		168738	
6463			
50995			
20895		77653	
10449			
3861			
35205			
		7	
86200		246398	
			
30908		133226	
6			
30914			
10		27279	
10			
		4	
30924		160509	
			
37967		177729	
37967			
23940		77289	
23940			
		15359	
61907		270377	
			
76146		193138	
76146			
9919		132991	
5934			
2343			
18196			
94342		326129	
			
57896		242439	
10638			
68534			
		31466	
		12523	
		5	
		2	
68534		286435	
			
17097		123206	
8736			
25833			
35102		101860	
54			
35156			
60989		225066	
			
48124		194869	
4270			
52394			
32043		98924	
32043			
		8	
		6	
84437		293807	
			
15530		133890	
12767			
2938			
1881			
8			
33124			
36647		130564	
36647			
69771		264454	
			
12126		148928	
5212			
3399			
20737			
31471		105348	
37			
31508			
		19	
52245		254295	
			
27409			
8874			
2967			
39250			
25280		129902	
16313			
3811			
45404			
		17045	
		2	
84654		303949	
			
35655			
9571			
6706			
51932			
15536		136032	
15373			
30909			
		21319	
82841		294385	
			
64419		177603	
1			
64420			
9344		124351	
3258			
12602			
77022		301954	
			
66709		205775	
66709			
16831		94162	
16831			
83540		299937	
			
45546		181789	
38889			
84435			
		112301	
84435		294090	
			
18652		153519	
8838			
6798			
34288			
46263		134623	
46263			
		10	
		9	
80551		288161	
			
87441		244467	
87441			
10211		85164	
4465			
14676			
102117		329631	
			
1401354		5058133	
			
			
42219		187743	
42219			
17164		91291	
11952			
29116			
71335		279034	
			
46873		134033	
17522			
64395			
11218		130113	
9519			
20737			
		3	
85132		273475	
			
74812		187872	
74812			
5985		92363	
1694			
1441			
1265			
1172			
966			
12523			
87335		280235	
			
73089		168688	
73089			
7018		93015	
5010			
12028			
85117		272268	
			
31185		194570	
30175			
23773			
11874			
4758			
1036			
869			
453			
104123			
13175		125347	
7692			
20867			
124990		333359	
			
32859		162613	
23276			
10913			
8446			
2346			
1679			
989			
917			
81425			
8278		96678	
7077			
5611			
3719			
2059			
26744			
108169		275253	
			
34782		162122	
2048			
1082			
586			
38498			
10783		95828	
9771			
7727			
4252			
4079			
2227			
1412			
40251			
78749		257950	
			
34511		151533	
24960			
59471			
18634		122325	
10638			
3023			
32295			
91766		283992	
			
59327		165332	
59327			
13186		132848	
5590			
4591			
2233			
2062			
27662			
86989		298180	
			
819582		2553746	
			
207715		1281181	
207715			
400321		1133621	
261285			
661606			
		15	
		3	
869321		2560102	
			
			
11912		222422	
92			
12004			
13217		162465	
11551			
143			
24911			
		4772	
		931	
		259	
36915		390849	
			
17467		211863	
3913			
39			
21419			
16604		161977	
10775			
57			
27436			
		7112	
		323	
48855		381275	
			
27757		202000	
218			
27975			
8382		168632	
145			
8527			
		9352	
		6286	
		572	
36502		386842	
			
38238		200063	
420			
38658			
10765		169470	
88			
10853			
		8124	
		226	
49511		377883	
			
171783		1536849	
			
			
79633		211337	
79633			
79633		211337	
			
64008		167463	
64008			
11747		113735	
10353			
7627			
29727			
93735		293718	
			
50270		201087	
50270			
50270		293762	
			
60195		161094	
60195			
11224		81770	
4618			
15842			
76037		258922	
			
299675		1057739	
			
			
19127		87199	
13239			
32366			
32366		287155	
			
		6304	
		4914	
		282267	
			
43635		206385	
6716			
50351			
		4819	
50351		322656	
			
19689		186036	
12557			
6521			
3514			
783			
598			
257			
43919			
17209		104734	
7869			
25078			
		8674	
68997		299444	
			
		9987	
		290677	
			
12275		55447	
11016			
23291			
23291		250855	
			
20104		153222	
2823			
1354			
24281			
		8340	
24281		303000	
			
199286		2036054	
			
			
		290410	
			
		38801	
		287354	
			
		7908	
		311393	
			
		249531	
			
		202536	
		260216	
			
		306713	
			
		1705617	
			
			
31965		236363	
31965			
14588		128440	
14330			
28918			
60883		364803	
			
21895		191456	
21895			
18703		137542	
12465			
31168			
53063		328998	
			
113946		693801	
			
20732		215399	
16064			
12576			
7722			
6875			
6309			
68			
70346			
22974		92900	
18546			
6414			
4007			
51941			
		10289	
		5807	
		5624	
122287		700599	
			
			
44599		214204	
44599			
10907		92812	
10850		14858	
3564			
25321			
		12857	
		2932	
		71	
		26	
69920		337760	
			
26465		194088	
26465			
12372		92071	
4998			
2392			
500			
324			
20586			
		9344	
		415	
		22	
47051		295940	
			
32527		213747	
5111			
37638			
6845		94549	
5874			
4809			
2935			
20463			
		11028	
		535	
58101		319859	
			
42815		240385	
2359			
1464			
46638			
9175		64560	
2977			
1443			
1370			
14965			
		6204	
		363	
61603		311512	
			
36961		238618	
6688			
43649			
17329		95271	
3289			
2903			
23521			
		388	
67170		343820	
			
20414		181921	
10981			
3590			
1572			
1131			
37688			
17600		117313	
7987			
4115			
3073			
2854			
2843			
970			
933			
40375			
		9916	
		399	
78063		309549	
			
49625		247770	
49625			
10849		67405	
4695			
15544			
		8211	
		394	
		28	
		10	
65169		323818	
			
35989		217531	
3041			
39030			
13340		113033	
9319			
3671			
2542			
28872			
		393	
67902		343256	
			
514979		2585514	
			
240704		1474028	
50807			
9274			
5909			
4778			
4376			
3313			
3993		163	
1064		48	
324218			
68597		693291	
57776			
18171			
11020			
10787			
10506			
8380			
8158			
7092			
3781			
204268			
		430934	
		32252	
		2346	
		151	
		2	
528486		2633215	
			
			
40295		261936	
15159			
6059			
33			
61546			
1021			
1021			
67			
67			
		4197	
62634		266133	
			
24375		259257	
2265			
44			
26684			
569			
569			
38			
38			
		4078	
27291		263335	
			
24105		212119	
196			
24301			
12928		109372	
6527			
38			
19493			
17			
17			
		262	
43811		321753	
			
36557		221303	
2635			
1373			
73			
40638			
14834		129936	
2735			
2669			
25			
20263			
18			
18			
		10741	
		265	
60919		362245	
			
38196		257490	
316			
38512			
4789		82944	
3531			
3250			
65			
11635			
18			
18			
		675	
50165		341109	
			
28395		180942	
517			
28912			
18331		176612	
186			
18517			
		16739	
18			
18			
		514	
47447		374807	
			
32445		210794	
446			
32891			
		41199	
45			
45			
466			
466			
		843	
33402		252836	
			
29352		263999	
369			
29721			
5968		82242	
4081			
47			
10096			
13			
13			
		570	
39830		346811	
			
31366		212754	
21675			
47			
53088			
11046		116531	
10697			
94			
21837			
		32655	
25			
25			
		465	
74950		362405	
			
440449		2891434	
			
308979		1696346	
7638			
316617			
133860		1458048	
733			
134593			
333			
333			
		2159	
451543		3156553	
			
			
64411		167060	
64411			
36339		165179	
36339			
100750		347037	
			
58170		194653	
58170			
1813		108973	
1813			
59983		318267	
			
51113		171675	
16		2	
51129			
13414		144108	
9321			
22735			
73864		326283	
			
67028		197386	
67028			
20519		104996	
20519			
87547		312949	
			
51840		214531	
51840			
16951		103931	
9583			
26534			
		6694	
78374		330146	
			
45919		174955	
23072			
68991			
14224		136563	
14224			
83215		320475	
			
45592		169668	
14386			
59978			
18812		136849	
9371			
28183			
88161		318069	
			
56208		202217	
6098			
3257			
65563			
29322		128657	
29322			
		6097	
94885		345054	
			
55198		208846	
55198			
24521		114760	
15283			
39804			
95002		337316	
			
68063		226075	
68063			
13480		97734	
9705			
23185			
		4803	
91248		328612	
			
42470		181788	
21436			
161			
14			
64081			
21953		158879	
15338			
37291			
		3251	
		14	
		1	
101372		358139	
			
11450		159258	
11450			
10280		151736	
8803			
2653			
1715			
1208			
24659			
		11606	
		6529	
		8	
36109		329137	
			
41116		216884	
11226			
52342			
12028		92472	
11670			
10			
23708			
76050		319223	
			
38371		235336	
12586			
8708			
6928			
2664			
69257			
8462		38769	
8462			
77719		284270	
			
41230		270450	
30847			
11644			
2919			
1027			
87667			
17691		51395	
17691			
105358		328792	
			
1249637		4903769	
			
555719		2735826	
555719			
398873		1767386	
246685			
48761			
40600			
734919			
		11229	
		48	
		10	
		7	
		4	
1290638		4652918	
			
			
15697		193211	
15697			
12540		142164	
10622			
23162			
		505	
38859		335880	
			
15859		193587	
2772			
18631			
11628		164338	
11628			
		520	
		1	
30259		358446	
			
18672		222335	
2032			
20704			
11786		159937	
11786			
		433	
32490		382705	
			
27291		216685	
3212			
1913			
32416			
6876		109659	
3856			
10732			
545		21135	
545			
		502	
		10	
43693		347991	
			
30609		262102	
2143			
1397			
34149			
5966		88753	
5966			
		1105	
		9	
40115		351969	
			
14569		179240	
2322			
1242			
18133			
8600		174944	
8600			
		966	
		2	
		1	
26733		355153	
			
		336	
		327576	
			
20840		191976	
17554			
16035			
54429			
20471		160520	
20471			
		1167	
74900		353663	
			
287049		2813383	
			
183766		1854595	
6837			
6632			
5155			
202390			
63383		867974	
43852			
16759			
123994			
3066		73539	
2071			
5137			
		30531	
		13986	
		2568	
		4	
		1	
		9	
331521		2843207	
			
			
43518		186760	
22067			
10394			
75979			
11120		114076	
11120			
87099		309177	
			
49083		214978	
7040			
56123			
26041		99160	
26041			
		4605	
82164		320244	
			
78735		234717	
7027			
85762			
15291			
15291			
101053		293322	
			
60897		182998	
15391			
6100			
82388			
8988			
1743			
10731			
93119		285432	
			
363435		1208175	
			
254936		709626	
18857			
12106			
285899			
49157		503467	
21131			
16300			
86588			
372487		1241568	
			
			
57791		267927	
30943			
2570			
91304			
9737		60832	
7085			
16822			
246		11824	
246			
108372		340583	
			
53583		236971	
18644			
6041			
3185			
81453			
7894		146272	
7848			
7541			
4532			
27815			
404		9193	
404			
75		2012	
75			
109747		394448	
			
79661		214843	
79661			
22478		111189	
22478			
367		12353	
367			
102506		338385	
			
71615		192237	
13645			
85260			
24631		113120	
24631			
232		10407	
168			
400			
118		2959	
118			
110409		318723	
			
43712		200290	
43712			
24814		122149	
10734			
5067			
1542			
42157			
335		8497	
335			
		6	
86204		330942	
			
59388		216906	
9945			
4598			
73931			
10242		108503	
8620			
7483			
5118			
31463			
252		8279	
252			
105646		333688	
			
62917		203565	
22860			
19666			
105443			
14446		98498	
14446			
303		16668	
303			
		9	
120192		318740	
			
61975		216083	
30429			
92404			
27839		73755	
27839			
164		10553	
164			
120407		300391	
			
863483		2675900	
			
289481		1494125	
289481			
217468		1066159	
180821			
176189			
9791			
7412			
6097			
3200			
2282			
603260			
2470		165468	
2470			
		15	
		9	
		6	
		5	
		4	
		2	
895211		2725793	
			
			
82843		255468	
21012			
12420			
116275			
25077		204939	
14836			
12618			
11366			
9382			
4959			
2586			
80824			
		19333	
197099		479740	
			
197099		479740	
			
88720		236123	
88720			
105632		218051	
33079			
138711			
		31892	
227431		486066	
			
			
53886		174889	
4840			
3290			
62016			
1772			
415			
221			
2408			
14332		81206	
8428			
22760			
472			
300			
772			
87956		256095	
			
27414		133964	
10415			
5021			
1803			
1004			
45657			
584			
385			
338			
82			
47			
1436			
17686		129767	
10793			
28479			
268			
216			
484			
76056		263731	
			
62176		187423	
14089			
76265			
469			
208			
677			
17354		65266	
17354			
146			
146			
94442		252689	
			
258454		772515	
			
77594		455593	
68796			
35984			
5251			
1526			
1236			
190387			
2347			
1271			
743			
162			
75			
58			
4656			
65214		332979	
9721			
2135			
2045			
1465			
80580			
1372			
165			
42			
35			
31			
1645			
277268		788572	
			
			
4786		56521	
1800			
1534			
1163			
643			
9926			
		4645	
		4145	
9926		179278	
			
8865		102019	
7405			
5604			
21874			
		11166	
		6051	
21874		281449	
			
20798		137244	
2298			
23096			
7966		116823	
2659			
2099			
1346			
989			
736			
15795			
		12856	
		5600	
38891		272523	
			
7605		101261	
6674			
5069			
2728			
666			
607			
370			
252			
165			
24136			
		9389	
		9341	
24136		240492	
			
94827		973742	
			
88958		457656	
5356			
3358			
2629			
2295			
512			
103108			
62082		446080	
4210			
3998			
3637			
2491			
1714			
78132			
		48792	
		45277	
181240		997805	
			
			
38623		171650	
204			
142			
10			
2			
38981			
46979		158659	
6923			
1639			
130			
74			
55745			
		14521	
		192	
			
			
94726		345022	
			
40627		169275	
170			
157			
4			
3			
3			
40964			
39605		152977	
4263			
2129			
1310			
1127			
193			
123			
48750			
		14936	
		206	
			
89714		337394	
			
184440		682416	
			
			
21318		210470	
2797			
24115			
11189		92459	
11189			
		4413	
		1177	
35304		308519	
			
20551		166679	
2914			
23465			
9810		116463	
3971			
1327			
15108			
		2699	
		1329	
		1010	
		892	
38573		289072	
			
22013		174257	
22013			
15176		145509	
15176			
		1956	
		1104	
		770	
		530	
		280	
37189		324406	
			
21520		195146	
4209			
25729			
12110		107992	
12110			
		3111	
37839		306249	
			
24709		167503	
2107			
1511			
28327			
10208		130102	
6448			
1925			
18581			
		6772	
46908		304377	
			
16593		151782	
16593			
7692		84360	
3277			
10969			
		1392	
		868	
		830	
		406	
27562		239638	
			
23432		175704	
15253			
38685			
11506		123090	
11506			
		4520	
		4081	
50191		307395	
			
30840		130857	
3808			
34648			
2981		31767	
2981			
		1841	
		1710	
		1625	
37629		167800	
			
31435		162834	
19947			
51382			
5364		55094	
2623			
1278			
9265			
		1138	
		1082	
60647		220148	
			
36576		201435	
11939			
10207			
1356			
779			
501			
61358			
2095		24271	
2095			
		3127	
		1227	
63453		230060	
			
34358		166413	
11935			
2318			
		4500	
48611			
48611		170913	
			
30831		182239	
30831			
13387		123935	
13387			
		3725	
44218		309899	
			
24339		189938	
24339			
9361		80907	
9361			
		2261	
		1285	
33700		274391	
			
561824		3452867	
			
272201		1985783	
272201			
163817		1329405	
19238			
17161			
12823			
213039			
		16803	
		15799	
		9377	
		3830	
		3595	
		3544	
		2256	
		2201	
		2075	
485240		3374668	
			
			
19111		162924	
16702			
11895			
47708			
26198		112473	
26198			
		459	
73906		275856	
			
29911		113180	
29911			
24175		92162	
24175			
		173	
54086		205515	
			
53908		167103	
53908			
13055		97616	
11340			
24395			
78303		264719	
			
206295		746090	
			
83432		395717	
58128			
141560			
63631		351260	
27214			
90845			
		28199	
		617	
232405		775793	
			
			
			
			
7394		107226	
1166			
8560			
		176	
8560		278659	
			
			
			
		89	
		242943	
			
			
			
		1644	
		367	
		77	
		273171	
			
			
			
6357		84982	
5175			
11532			
		15603	
253			
194			
447			
		49	
11979		265300	
			
9920		167836	
1972			
1694			
1327			
14913			
		85	
14913		187141	
			
			
14825		107507	
7089			
4606			
1462			
27982			
			
		114	
27982		164374	
			
			
17208		134802	
10408			
1351			
745			
29712			
		210	
29712		152111	
			
			
28271		178688	
11130			
39401			
			
		77	
39401		204207	
			
			
15069		178168	
1993			
17062			
			
		135	
17062		213431	
			
			
			
		193	
		205349	
			
			
			
		148	
		197635	
			
			
			
		215	
		241426	
			
			
19187		170690	
18101			
1018			
4266			
598			
43170			
		5548	
		202	
43170		192913	
			
			
			
		104	
		145190	
			
			
			
		27	
		157115	
			
			
12856		173886	
1864			
14720			
		82	
14720		236553	
			
			
4225		91899	
2307			
6532			
		118	
6532		266205	
			
			
7493		132456	
5036			
1857			
780			
356			
15522			
			
		169	
15522		277063	
			
			
			
6653		120959	
4657			
11310			
		139	
11310		284679	
			
			
			
		135	
		297314	
			
			
			
9331		104368	
3847			
13178			
		105	
13178		252556	
			
			
10627		145042	
4314			
14941			
		842	
14941		260863	
			
			
			
6162		114590	
4246			
1033			
11441			
		78	
11441		265282	
			
			
			
		220	
		292988	
			
			
			
		253	
		313452	
			
			
			
		17	
		284271	
			
			
11677		137250	
7830			
19507			
			
		95	
19507		317534	
			
299930		6469725	
			
		4822330	
		1758702	
75924		1517578	
54196			
21002			
151122			
		2012	
151122		6679678	
			
			
89531		254644	
20822			
110353			
110353		338066	
			
37661		174066	
20099			
6535			
2982			
67277			
24327		128973	
20431			
3238			
47996			
115273		311397	
			
42644		195571	
19166			
61810			
61810		309885	
			
14065		88951	
10430			
5811			
30306			
30306		348485	
			
38512		148252	
16716			
55228			
55228		349197	
			
50701		222116	
19741			
18057			
88499			
88499		364583	
			
34647		168041	
31752			
5012			
71411			
71411		336736	
			
21451	10699	160695	
14687	6118		
12181			
9670			
8894			
66883	16817		
45987		137139	
17393			
63380			
		3990	
		456	
130263	16817	302280	
			
29999	18982	194537	
23401	16902		
11336			
9691			
5515			
4526			
2297			
2056			
2047			
1000			
579			
92447	35884		
92447	35884	375690	
			
58844		190826	
15936			
6337			
81117			
36791		144023	
16865			
9908			
63564			
144681		334849	
			
35733	17520	190319	
22306	5471		
13353			
10697			
5825			
3970			
1799			
778			
94461	22991		
35518		141107	
19161			
9049			
63728			
158189	22991	331426	
			
52968		247591	
12495			
65463			
65463		310908	
			
37341		210495	
29354			
19119			
85814			
45865		160115	
22703			
68568			
154382		370610	
			
1278305	75692	4384112	
			
			
54405		173433	
45415			
113			
99933			
51750		131869	
74			
51824			
655		10261	
10			
665			
25			
4			
1			
1			
1			
1			
1			
1			
1			
36			
		508	
152458		316071	
			
152458		316071	
			
57246		161163	
87			
57333			
67860		158282	
34213			
111			
102184			
29			
4			
1			
1			
1			
1			
1			
1			
1			
1			
41			
78			
2			
2			
1			
1			
1			
1			
1			
1			
1			
1			
1			
1			
1			
1			
1			
1			
96			
		1406	
159654		320851	
			
		9829	
		2503	
		12332	
			
		12332	
			
			
57496		201907	
57496			
4561		131490	
4505			
9066			
140		9674	
21			
161			
93		6645	
93			
66816		349716	
			
42482		194299	
37383			
4275			
2999			
29			
87168			
10176		137082	
10116			
20292			
107460		331381	
			
15848		201921	
14369			
6244			
4895			
41356			
16711		77903	
12335			
29046			
674		9462	
674			
182		6388	
182			
		5	
71258		295679	
			
70470		182643	
70470			
23341		114214	
23341			
25		16141	
25			
93836		312998	
			
76477		201514	
16135			
92612			
25530		137806	
25530			
338		12558	
338			
118480		351878	
			
56905		164536	
10888			
67793			
37374		144444	
8117			
45491			
113284		308980	
			
54067		178104	
13621			
67688			
22486		137708	
22486			
90174		315812	
			
71120		246380	
13733			
84853			
		62	
84853		246442	
			
42902		217775	
30564			
2900			
76366			
15166		68666	
14323			
29489			
170		11725	
170			
106025		298166	
			
65574		208201	
14435			
1839			
81848			
7705		131097	
5530			
2952			
2212			
1644			
1530			
21573			
136		10373	
136			
103557		349671	
			
65333		258378	
4570			
3169			
73072			
73072		258378	
			
72560		233874	
20610			
93170			
14312		134614	
6165			
20477			
113647		368488	
			
56670		235492	
56670			
27754		88120	
27754			
84424		323612	
			
69551			
69551			
29508		131638	
29508			
94		13038	
94			
221		11536	
221			
		6	
		0	
		0	
99374		339878	
			
70191		205277	
8404			
78595			
16483		128188	
12599			
29082			
107677		333465	
			
66487		185167	
66487			
37232		170604	
37232			
135			
135			
103854		355771	
			
1537791		5140315	
			
522827		2762766	
522827			
586556		2435744	
132205			
115621			
47933			
47740			
644			
930699			
		250617	
324			
74			
398			
337			
337			
1454261		5449127	
			
			
28055		181084	
24058			
52113			
		12807	
52113		285312	
			
12008	12059	143701	
6582	9167		
3479			
2871			
2479			
901			
28320	21226		
			
31793	25105	96081	
28632	18926		
8484			
68909	44031		
			
		10830	
97229	65257	250612	
			
33454		201744	
4492			
37946			
9252		53472	
8429			
17681			
		12787	
55627		268003	
			
22840		176740	
3195			
26035			
11935		71846	
8532			
20467			
		11745	
46502		260331	
			
		5394	
		5176	
		261677	
			
251471	65257	1325935	
			
			
57146		197845	
608			
57754			
18996		109699	
14274			
447			
33717			
		509	
91471		331980	
			
77498		228043	
581			
78079			
31157		96741	
8825			
751			
40733			
		446	
118812		332255	
			
84628		264979	
969			
85597			
14844		70325	
8237			
424			
23505			
		772	
109102		355875	
			
69864		212866	
7665			
212			
77741			
50090		140549	
1414			
51504			
		468	
129245		360088	
			
51652		177229	
805			
52457			
33448		139223	
16174			
320			
49942			
		402	
102399		327970	
			
551029		1708168	
			
			
42744		235394	
39			
42783			
10288		41708	
11			
10299			
53082		277102	
			
87620		318176	
66			
87686			
5562		33381	
12			
5574			
		4829	
93260		356386	
			
46382		165826	
215			
46597			
28355		123933	
188			
28543			
		12755	
75140		302514	
			
34881		181603	
12143			
9316			
3086			
2159			
2150			
1451			
111			
65297			
14188		104643	
11134			
203			
25525			
		11524	
		6210	
90822		303980	
			
49941		177740	
263			
50204			
25252		104725	
278			
25530			
75734		282465	
			
45206		191725	
274			
45480			
20037		143803	
94			
20131			
65611		335528	
			
55387		209942	
67			
55454			
20075		143509	
26			
20101			
75555		353451	
			
42935		199379	
0			
42935			
25595		152859	
0			
25595			
68530		352238	
			
41735		169177	
0			
41735			
1581		105128	
485			
2066			
43801		274305	
			
51373		179563	
161			
51534			
19291		94227	
182			
19473			
71007		273790	
			
49511		166967	
286			
49797			
18716		118231	
15609			
276			
34601			
84398		285198	
			
44360		175352	
362			
44722			
32384		163589	
30895			
176			
63455			
108177		338941	
			
36756		209901	
35			
36791			
21644		93918	
5			
21649			
58440		303819	
			
50323		251932	
12484			
149			
62956			
15936		75702	
225			
16161			
79117		327634	
			
38651		168960	
74			
38725			
14623		128764	
10265			
29			
24917			
63642		297724	
			
44110		156192	
374			
44484			
15839		111185	
82			
15921			
		12250	
		5154	
60405		284781	
			
33255		161393	
24953			
60			
58268			
26953		106208	
524			
27477			
85745		267601	
			
32854		216727	
18937			
67			
51858			
39096		122146	
279			
39375			
91233		338873	
			
		4265	
			
1343699		5560595	
			
565488		3021364	
133683			
2441			
701612			
299726		2509132	
169118			
158181			
79581			
51908			
2044			
760558			
		96926	
		2069	
1462170		5629491	
			
		13120	
		11764	
		5647	
		626	
		1856345	
			
		1856345	
			
			
30203		108612	
14702			
3701			
48606			
		12504	
		248	
		8	
		6	
48606		205115	
			
22161		124067	
7748			
29909			
5283		78189	
1488			
825			
454			
8050			
		20212	
		167	
		25	
37959		222660	
			
86565		427775	
			
60754		271034	
60754			
6934		146222	
6934			
		889	
		37	
		7	
67688		418189	
			
			
		214	
		290013	
			
23062		196116	
5557			
28619			
		7602	
28619		203718	
			
4782		84735	
2464			
7246			
		516	
7246		254763	
			
3678		84087	
1528			
5206			
		329	
5206		266884	
			
		236	
		278003	
			
		1978	
		233615	
			
10252	16844	153068	
12037	13173		
8107			
3824			
1457			
691			
641			
279			
180			
37468	30017		
			
16404	17930	114594	
12347	6733		
2375			
1408			
1132			
33666	24663		
		281	
			
71134	54680	275738	
			
112205	54680	1802734	
			
21759		153789	
8494			
30253			
30253		361429	
			
30253		361429	
			
			
53490		182252	
53490			
5687		47663	
5687			
		4837	
		2872	
		2048	
59177		239672	
			
36335		196894	
3919			
3317			
43571			
5617		54522	
5617			
		5733	
		4382	
		2974	
49188		264505	
			
29947		157830	
23779			
21997			
926			
76649			
14925		91094	
7342			
22267			
		7905	
		62	
		18	
98916		256909	
			
36088		128568	
10927			
47015			
17378		102022	
17378			
64393		230590	
			
28110		171621	
28110			
5462		86240	
5422			
4200			
3381			
2212			
20677			
		5222	
		12	
48787		263095	
			
44949		184383	
19836			
64785			
		34766	
		21633	
		455	
		4	
			
64785		241241	
			
41524		182730	
41524			
10436		61679	
10436			
		4640	
		4256	
		2740	
		1261	
51960		257306	
			
60355		190923	
9288			
69643			
6951		79490	
6771			
4621			
18343			
		6139	
		2870	
87986		279422	
			
49585		188422	
5944			
55529			
11748		59742	
4398			
1858			
368			
18372			
		1448	
		1372	
		2	
		1	
73901		250987	
			
599093		2283727	
			
389613		1506443	
28311			
15951			
11795			
11384			
457054			
48196		705882	
24814		18	
24289			
17744		218	
16387			
16194			
13392			
161016			
		38472	
		20936	
		18620	
		8085	
		8080	
		7148	
		6523	
		470	
		409	
		117	
		23	
		14	
		12	
		5	
		2	
618070		2321477	
			
			
67705		178322	
67705			
8207		67222	
8207			
75912		249658	
			
39336		159664	
39336			
6676		80512	
6676			
46012		246328	
			
33592		187180	
4848			
2002			
40442			
40442		187180	
			
38202		182679	
13719			
13532			
65453			
7389		60214	
7389			
		188	
72842		250343	
			
41348		134091	
41348			
2778	1848	69178	
2219	1190		
2097			
7094	3038		
48442	3038	208230	
			
26192		145019	
8154			
4725			
2356			
41427			
6609		98053	
3483			
698			
10790			
52217		249936	
			
37590		142793	
5971			
43561			
2848	1545		
2410	2121	85553	
1876			
7134	3666		
			
			
50695	3666	234837	
			
48366		194043	
15181			
63547			
5789		51051	
5789			
69336		251052	
			
20917		144075	
20917			
7255		36139	
7255			
28172		183566	
			
39543		159783	
7664			
47207			
8061		95710	
6169			
14230			
61437		264019	
			
48581		177742	
12917			
7547			
69045			
4322		41970	
4322			
73367		226023	
			
34828		175649	
8611			
43439			
6530		66080	
6530			
49969		247712	
			
47051		187775	
13637			
60688			
60688		206388	
			
12088	23295	131460	
8287	13792		
6212			
6143			
4302			
3328			
2075			
813			
554			
43802	37087		
18500		109697	
3724			
22224			
			
66026	37087	245839	
			
29397		89296	
5008			
4208			
2012			
687			
41312			
4551	6403	54056	
4749	4771		
2942			
2124			
14366	11174		
55678	11174	146661	
			
23261		101403	
20440			
1270			
701			
419			
46091			
5268		51043	
3681			
8949			
55040		155005	
			
41449		143284	
8790			
50239			
50239		179262	
			
21171		146223	
21171			
7493		44015	
7493			
28664		194932	
			
45444		163239	
15707			
61151			
61151		192063	
			
16562		119032	
16562			
9582		62376	
9582			
26144		186177	
			
52404		187015	
10111			
5868			
68383			
9522		109326	
6070			
15592			
83975		308865	
			
35838		160668	
11019			
46857			
3666		80203	
3563			
7229			
54086		250911	
			
16202	15815	96676	
18237	13038		
5240			
39679	28853		
17438		87547	
17438			
57117	28853	192169	
			
27926		148586	
13184			
41110			
5267		87645	
5267			
46377		243489	
			
12894	26495	154245	
7481	19210		
6178			
6133			
5392			
4810			
1824			
1690			
1593			
1575			
1174			
596			
51340	45705		
13465		98827	
13465			
64805	45705	263932	
			
33605		176642	
33605			
3682		74237	
3682			
37287		258723	
			
28058		120684	
4653			
3676			
3256			
39643			
6354	7024	83395	
8231	4565		
5682			
432			
20699	11589		
		5354	
60342	11589	212651	
			
35350		112456	
35350			
9710		49309	
9710			
45060		165645	
			
10667		86053	
10667			
10667		95611	
			
23346		171059	
5996			
3981			
33323			
6260		41222	
6260			
39583		217014	
			
32917		145348	
10400			
43317			
5864		82977	
5864			
49181		237187	
			
29523		146653	
29523			
7301		99288	
1370			
8671			
38194		251636	
			
6938	10766	85114	
4715	9653		
2372			
2064			
884			
482			
395			
342			
286			
201			
189			
18868	20419		
3706		30252	
2104			
5810			
24678	20419	117375	
			
18233	15628	89606	
5810	7824		
5575			
4745			
3926			
3638			
2200			
935			
45062	23452		
			
4409	5309	52448	
4632	4287		
3710			
12751	9596		
57813	33048	144778	
			
14559		105626	
4212			
1105			
19876			
6040		52894	
3454			
2171			
11665			
		37	
31541		165179	
			
11858	21472	165405	
12208	17378		
10786			
5114			
4025			
2156			
1930			
1558			
1479			
1225			
1110			
984			
54433	38850		
9869		62143	
9869			
64302	38850	233832	
			
1837481	233429	7664208	
			
480558	631812	4440137	
627731	480126		
187900			
50569			
23177			
18143			
7225			
6671			
4674			
1406648	1111938		
			
174772	148940	3194927	
128746	87365		
113935			
80034			
497487	236305		
			
			
			
			
			
			
			
1904135	1348243	7864822	
			
			
			
			
3881		60611	
1944			
5825			
5825		245528	
			
			
			
			
			
			
			
			
			
			
			
			
			
		2971	
		2824	
		248545	
			
			
			
			
		259547	
			
			
			
			
			
		245277	
			
5825		998897	
			
160359		657608	
80915			
			
			
			
			
			
			
			
			
241274			
			
			
		7172	
		1	
241274		1006901	
			
36863		208600	
359			
37222			
7623		67543	
334			
7957			
		8302	
		4065	
		1153	
		268	
379			
379			
45558		289931	
			
45558		289931	
			
36902		207848	
498			
37400			
6358		72898	
2084			
331			
8773			
		5924	
		2511	
		2452	
		877	
		252	
412			
412			
46585		292762	
			
3957		11512	
3187			
1			
1			
1			
1			
1			
1			
1			
7151			
143		2131	
59			
1			
203			
		3276	
		1927	
		312	
		12	
7354		19170	
			
7354		19170	
			
			
		8308	
		617	
		356806	
			
		443	
		309222	
			
		806	
		318936	
			
26879		199292	
3081			
29960			
5830		150190	
1005			
6835			
		564	
36795		350046	
			
		5500	
		388	
		348111	
			
21808		211278	
10991			
32799			
		666	
32799		323893	
			
37369		222983	
9668			
47037			
		914	
47037		381909	
			
23018		226847	
8006			
31024			
		10180	
		5985	
		805	
31024		351187	
			
		376	
		301658	
			
		9855	
		527	
		366444	
			
11600		117902	
6866			
18466			
		3806	
		3027	
		2195	
		1919	
		788	
18466		332243	
			
166121		3740455	
			
167906		1785542	
59117			
17341			
12116			
256480			
		6587	
256480		3802196	
			
			
33670		177025	
67185		151187	
20844			
10582			
10279			
4134			
3062			
149756		328212	
			
39620		216144	
23902			
15463			
5143			
4861			
2796			
1939			
1396			
2542			
56631		141591	
4066			
158359		357735	
			
79632		184826	
39956		117465	
8130			
5806			
3373			
2289			
139186		302291	
			
68603		177446	
45693		116438	
7108			
121404		293884	
			
60774		154749	
27130		78940	
11581			
2958			
102443		233689	
			
83186		191066	
49406		117512	
11894			
4693			
149179		308578	
			
86436		186661	
29602		129725	
18075			
14267			
7966			
4101			
1387			
161834		316386	
			
124692		298368	
26791		76212	
10340			
5573			
4367			
2688			
1387			
175838		374580	
			
66220		180204	
37083		121886	
10942			
7144			
5269			
4165			
130823		302090	
			
72868		192034	
27616		76105	
8376			
6624			
3659			
119143		268139	
			
51047		163036	
36173		115381	
19934			
14026			
4292			
3025			
128497		278417	
			
1536462		3364001	
			
772058		1855493	
417141		1213924	
79727			
31817			
25983			
25793			
19535			
15005			
1387059		3069417	
			
			
36107		133809	
36107			
49203		80342	
49203			
85310		214151	
			
35008		158206	
4711			
2495			
42214			
22563		68560	
13668			
10514			
46745			
88959		226766	
			
66745		108199	
66745			
12359		92238	
6671			
4104			
23134			
89879		200437	
			
264148		641354	
			
163891		399898	
41118			
205009			
88510		240787	
88510			
		19517	
293519		660202	
			
			
65700		200423	
278			
65978			
16265		158414	
27			
16292			
		6054	
7			
7			
3			
3			
		167	
82280		365058	
			
43171		265422	
13081			
2365			
1163			
46			
59826			
32813		124683	
158			
32971			
4			
4			
1			
1			
		787	
		6	
92802		390898	
			
19755		217712	
27			
19782			
35668		121713	
148			
35816			
12			
12			
11			
11			
		339	
55621		339764	
			
34525		235257	
115			
34640			
19144		80787	
200			
19344			
13			
13			
20			
20			
		9277	
		467	
54017		325788	
			
89370		250335	
535			
89905			
9266		118478	
13			
9279			
5			
5			
3			
3			
		851	
99192		369664	
			
73376		223460	
15821			
75			
89272			
11285		135921	
18			
11303			
3			
3			
1			
1			
		364	
100579		359745	
			
46987		201720	
252			
47239			
16053		157524	
19			
16072			
6			
6			
4			
4			
		405	
		20	
63321		359669	
			
64689		198874	
251			
64940			
11513		156287	
19			
11532			
6			
6			
1			
1			
		303	
76479		355464	
			
624291		2866050	
			
185265		1547104	
424			
185689			
197928		1380126	
179557			
132786			
71871			
244			
582386			
		62240	
		16455	
		3373	
		70	
		43	
118			
118			
109			
109			
768302		3009411	
			
73153		166452	
1393			
74546			
16259		57573	
177			
16436			
		8442	
		4963	
		3775	
		416	
90982		241621	
			
90982		241621	
			
73516		185250	
5080			
2873			
279			
81748			
9173		53019	
4630			
3047			
222			
17072			
		6176	
		417	
98820		244862	
			
			
			
			
			
			
			
			
			
			
			
			
			
			
			
			
			
			
			
			
			
			
			
			
			
			
			
			
			
			
			
			
			
			
			
			
			
			
			
			
			
			
			
			
			
			
			
			
			
			
			
			
			
			
			
			
			
			
			
			
			
			
			
			
			
			
			
			
			
			
			
			
			
			
			
			
			
			
			
			
			
			
			
			
			
			
			
			
			
			
			
			
			
			
			
			
			
			
			
			
			
			
			
			
			
			
			
			
			
			
			
			
			
			
			
			
			
			
			
			
			
			
			
			
			
			
			
			
			
			
			
			
			
			
			
			
			
			
			
			
			
			
			
			
			
			
			
			
			
			
			
			
			
			
			
			
			
			
			
			
			
			
			
			
			
			
			
			
			
			
			
			
			
			
			
			
			
			
			
			
			
			
			
			
			
			
			
			
			
			
			
			
			
			
			
			
			
			
			
			
			
			
			
			
			
			
			
			
			
			
			
			
			
			
			
			
			
			
			
			
			
			
			
			
			
			
			
			
			
			
			
			
			
			
			
			
			
			
			
			
			
			
			
			
			
			
			
			
			
			
			
			
			
			
			
			
			
			
			
			
			
			
			
			
			
			
			
			
			
			
			
			
			
			
			
			
			
			
			
			
			
			
			
			
			
			
			
			
			
			
			
			
			
			
			
			
			
			
			
			
			
			
			
			
			
			
			
			
			
			
			
			
			
			
			
			
			
			
			
			
			
			
			
			
			
			
			
			
			
			
			
			
			
			
			
			
			
			
			
			
			
			
			
			
			
			
			
			
			
			
			
			
			
			
			
			
			
			
			
			
			
			
			
			
			
			
			
			
			
			
			
			
			
			
			
			
			
			
			
			
			
			
			
			
			
			
			
			
			
			
			
			
			
			
			
			
			
			
			
			
			
			
			
			
			
			
			
			
			
			
			
			
			
			
			
			
			
			
			
			
			
			
			
			
			
			
			
			
			
			
			
			
			
			
			
			
			
			
			
			
			
			
			
			
			
			
			
			
			
			
			
			
			
			
			
			
			
			
			
			
			
			
			
			
			
			
			
			
			
			
			
			
			
			
			
			
			
			
			
			
			
			
			
			
			
			
			
			
			
			
			
			
			
			
			
			
			
			
			
			
			
			
			
			
			
			
			
			
			
			
			
			
			
			
			
			
			
			
			
			
			
			
			
			
			
			
			
			
			
			
			
			
			
			
			
			
			
			
			
			
			
			
			
			
			
			
			
			
			
			
			
			
			
			
			
			
			
			
			
			
			
			
			
			
			
			
			
			
			
			
			
			
			
			
			
			
			
			
			
			
			
			
			
			
			
			
			
			
			
			
			
			
			
			
			
			
			
			
			
			
			
			
			
			
			
			
			
			
			
			
			
			
			
			
			
			
			
			
			
			
			
			
			
			
			
			
			
			
			
			
			
			
			
			
			
			
			
			
			
			
			
			
			
			
			
			
			
			
			
			
			
			
			
			
			
			
			
			
			
			
			
			
			
			
			
			
			
			
			
			
			
			
			
			
			
			
			
			
			
			
			
			
			
			
			
			
			
			
			
			
			
			
			
			
			
			
			
			
			
			
			
			
			
			
			
			
			
			
			
			
			
			
			
			
			
			
			
			
			
			
			
			
			
			
			
			
			
			
			
			
			
			
			
			
			
			
			
			
			
			
			
			
			
			
			
			
			
			
			
			
			
			
			
			
			
			
			
			
			
			
			
			
			
			
			
			
			
			
			
			
			
			
			
			
			
			
			
			
			
			
			
			
			
			
			
			
			
			
			
			
			
			
			
			
			
			
			
			
			
			
			
			
			
			
			
			
			
			
			
			
			
			
			
			
			
			
			
			
			
			
			
			
			
			
			
			
			
			
			
			
			
			
			
			
			
			
			
			
			
			
			
			
			
			
			
			
			
			
			
			
			
			
			
			
			
			
			
			
			
			
			
			
			
			
			
			
			
			
			
			
			
			
			
			
			
			
			
			
			
			
			
			
			
			
			
			
			
			
			
			
			
			
			
			
			
			
			
			
			
			
			
			
			
			
			
			
			
			
			
			
			
			
			
			
			
			
			
			
			
			
			
			
			
			
			
			
			
			
			
			
			
			
			
			
			
			
			
			
			
			
			
			
			
			
			
			
			
			
			
			
			
			
			
			
			
			
			
			
			
			
			
			
			
			
			
			
			
			
			
			
			
			
			
			
			
			
			
			
			
			
			
			
			
			
			
			
			
			
			
			
			
			
			
			
			
			
			
			
			
			
			
			
			
			
			
			
			
			
			
			
			
			
			
			
			
			
			
			
			
			
			
			
			
			
			
			
			
			
			
			
			
			
			
			
			
			
			
			
			
			
			
			
			
			
			
			
			
			
			
			
			
			
			
			
			
			
			
			
			
			
			
			
			
			
			
			
			
			
			
			
			
			
			
			
			
			
			
			
			
			
			
			
			
			
			
			
			
			
			
			
			
			
			
			
