PRIMARY	RUNOFF	GENERAL 
		3707
19456		144368
5110		
4631		
29197		
20131	24725	142578
12349	21827	
11350		
9757		
2324		
824		
56735	46552	
		448
85932	46552	287394
		332
		264120
15777		66077
11381		
27158		
		349
27158		263167
34543		158324
3874		
38417		
18515	16031	147314
6942	4330	
6161		
3342		
2274		
707		
37941	20361	
		1644
76358	20361	307282
		6335
		287237
		3183
		231701
189448	66913	1855268
199690		1305383
16718		
216408		
112074		752391
38757		
25058		
175889		
		2417
392297		2060191
48195		158939
47891		
9901		
105987		
39784		142560
28347		
68131		
6690		14274
6690		
		1205
180808		316978
180808		316978
63747		151767
5480		
965		
70192		
66900		147814
28364		
6102		
1496		
1133		
732		
599		
105326		
4216		13197
4216		
1375		2483
1375		
		1077
181109		317723
26734		155791
18428		
8056		
3376		
56594		
17825		109924
15621		
7847		
2743		
1596		
45632		
43		3678
43		
102269		278787
58707		200914
58707		
27711		125611
27711		
199		7882
199		
118		3616
118		
86735		338023
43538		148800
43538		
22554		115759
22554		
228		10602
228		
66320		275161
18660		89721
18660		
8073		26435
8		
8081		
71		4464
71		
156		3807
156		
26968		124427
25174		149033
25174		
14233		122165
13212		
7523		
6539		
6042		
706		
48255		
207		9158
207		
73636		280365
51562		208582
51562		
15644		115457
5568		
21212		
175		10137
175		
72949		334176
30630		124304
30630		
11011		64425
5464		
16475		
33		7755
33		
47138		196489
46223		179629
46223		
52671		140553
52671		
40		8081
40		
98934		328266
574949		2155694
		64398
		665
		277366
		58850
		274046
		32603
		235781
		787193
		1011754
69622		197812
9752		
79374		
18346		67853
15628		
33974		
2101		24793
2101		
		14
115449		290472
62394		163459
62394		
14750		118878
14340		
13470		
42560		
104954		282337
50532		155424
50532		
37318		137971
37318		
83		13378
83		
347		7273
347		
88280		314046
51665		185790
37802		
4920		
2249		
96636		
51028		183990
6962		
57990		
154626		369780
51006		164242
51006		
18232		46002
18232		
172		10731
172		
		180
69410		221155
88969		229672
26		
88995		
29527		77073
29527		
515		13617
515		
119037		320362
49260		170962
49260		
9658		51166
7660		
17318		
80		6695
80		
237		5950
237		
66895		234773
83510		204996
10105		
93615		
7903		27614
7903		
276		6504
276		
		11
		4
101794		285247
80466		238915
79		
80545		
7893		26917
7893		
225		11704
225		
		37
		27
88663		277600
55427		192226
55427		
30324		91877
30324		
63		11062
63		
85814		295165
40403		164500
40403		
41879		133104
41879		
		12
82282		297616
60393		200442
3827		
1652		
1594		
67466		
12060		49258
6498		
18558		
90		5793
90		
633		5776
633		
230		5584
230		
86977		266853
42897		166829
42897		
12706		51447
12706		
55603		218276
60856		190301
60856		
22812		60610
22812		
524		11929
524		
784		9926
784		
84976		272766
46652		170977
46652		
19750		55489
19750		
326		12123
326		
66728		238589
39616		146481
39616		
16836		49399
16836		
255		9447
255		
56707		205327
53057		168907
53057		
23188		59037
23188		
		682
76245		228626
26392		130192
26392		
26392		130192
51645		179245
51645		
		2490
		366
51645		182101
22042		93023
22042		
11257		32118
11257		
33299		125141
41638		143498
41638		
21738		66317
21738		
63376		209815
61915		224549
61915		
61915		224549
50385		171403
164		
50549		
30094		80385
30094		
80643		251788
45124		174492
13446		
58570		
17640		125560
12324		
8733		
38697		
97267		300052
30937		144660
30937		
18054		105929
18054		
48991		250589
29627		140615
10158		
39785		
17165		108039
8327		
25492		
238		18476
238		
65515		267130
25591		145812
25591		
13354		52852
13354		
196		14171
196		
39141		212835
23265		137471
23265		
		150
23265		137621
24486		146198
24486		
16241		56727
16241		
146		9219
146		
40873		212144
52980		242792
52980		
121		
121		
53101		242792
18127		110955
18127		
18127		110955
17345		130142
17345		
		8
17345		130150
44934		186924
3738		
2315		
50987		
4680		26536
4680		
55667		213460
12622		98503
2		
12624		
2948		29266
2027		
4975		
17599		127769
36685		150778
36685		
5686		24169
5686		
68		7632
68		
42439		182579
32009		171948
32009		
20109		78543
20109		
52118		250491
25713		131342
5860		
2983		10
34556		
		42774
		600
		526
34556		175252
16140		130211
16140		
50		29113
50		
16190		159324
18949		125289
18949		
10485		54533
10485		
29434		179822
39565		144923
39565		
11481		86772
8908		
20389		
59954		231695
36663		159486
4330		
3455		
44448		
8335		99214
7435		
6952		
3441		
26163		
70611		258700
39168		158404
39168		
8935		104909
5217		
4568		
18720		
57888		263313
13177		108259
6701		
19878		
5406		48312
3670		
9076		
28954		156571
32702		129937
32702		
20074		123890
20074		
52776		253827
38726		155166
4618		
43344		
18479		111026
8697		
3127		
30303		
73647		266192
43693		149818
6751		
50444		
24238		122891
5759		
29997		
223		8257
223		
295		4311
295		
80959		285277
16430		85878
16430		
12245		31432
12245		
398		6274
398		
29073		123584
50101		171658
50101		
22959		125537
22959		
331		11507
331		
73391		308702
41369		140300
41369		
21571		90138
21571		
292		10232
292		
63232		240670
58511		157502
58511		
23874		141635
17523		
41397		
436		14365
436		
100344		313502
31690		148281
10182		
41872		
13417		49345
7234		
20651		
156		6199
156		
62679		203825
47930		160724
10862		
5539		
2074		
66405		
22460		111051
16294		
38754		
399		13316
399		
		47
105558		285138
43171		161315
6113		
49284		
19819		64658
6642		
26461		
413		9569
413		
76158		235542
3408562		12322079
35804		203756
35804		
6300		67346
4533		
10833		
		11
46637		283249
20493		215602
18599		
10075		
49167		
19293		116619
19293		
68460		344428
22192		203457
22192		
24263		126762
24263		
46455		330219
19010		187348
19010		
31822		146030
31822		
50832		333378
13146		113027
13146		
24995		183179
16794		
14986		
56775		
69921		305145
28509		250877
23213		
10886		
8452		
71060		
27661		162641
27661		
98721		413518
29704		173937
29704		
25155		100057
25155		
54859		273994
435885		2283931
194227		1231049
194227		
239212		990784
239212		
433439		2331712
		17000
		7201
		3
		295557
		13164
		6300
		19
		323041
		25411
		8613
		297368
12260		149345
1840		
14100		
		9130
		2049
		10
14100		308776
		18149
		3082
		2324
		10
		302657
14100		1527399
35995		146434
22393		
6609		
64997		
64997		385457
64997		385457
		398134
38999		228376
682		
39681		
173		16693
29		
202		
630		
630		
		2402
40513		247471
40513		247471
		331356
28734		133404
13505		
42239		
42239		350367
		
		343442
49134		265186
12232		
61366		
16900		168446
12854		
3532		
33286		
94652		433632
		374957
18018		146292
10159		
28177		
28177		385013
16104		172854
9146		
5727		
1219		
1030		
33226		
22198		159490
19640		
41838		
75064		332344
7726		126346
7039		
5902		
20667		
20667		348378
10420		118430
6445		
5424		
22289		
		9
22289		301220
		256931
		323163
		367996
		377891
40892		192151
7809		
4519		
53220		
19281		151951
10089		
29370		
82590		361871
20637		209874
19626		
15916		
56179		
56179		349247
		
		242989
		20214
		306036
		261799
		237002
20507		169041
3603		
24110		
24110		309151
31182		172835
4235		
35417		
35417		210306
18672		211284
7137		
25809		
27048		151863
8277		
35325		
61134		369370
		246711
542518		7421172
32470		165890
32470		
32802		83444
32802		
65272		249334
59384		158435
59384		
11430		71351
11430		
70814		229786
55128		225055
55128		
18984		117522
18984		
		3
74112		342580
47439		224494
47439		
		159
		35
47439		224694
36713		231368
8287		
8185		
53185		
		25
53185		231474
30957		231520
30957		
10920		106551
10920		
41877		338071
48668		209354
48668		
13318		128159
13318		
61986		337513
44211		157241
7396		
51607		
25420		117446
25420		
77027		274687
54653		217493
54653		
12596		70537
12596		
67249		288030
44956		177265
18372		
63328		
24001		114638
24001		
87329		291903
29155		204082
29155		
15099		95220
15099		
44254		299302
45235		164562
13955		
59190		
9462		84773
5316		
1908		
16686		
75876		249335
30719		205919
17526		
48245		
11478		92320
11478		
59723		298239
826143		3654948
392902		1867097
392902		
169635	191061	1757393
199026	127993	
79181		
25667		
19717		
493226	319054	
886128	319054	3752485
8716		28247
2904		
25		
11645		
292		
292		
		884
11937		29131
11937		29131
76140		154208
76140		
13088		38115
13088		
396		7594
295		
691		
89919		199917
73822		165748
73822		
12750		44425
12750		
967		4042
967		
427		3699
427		
87966		217914
177885		417831
19449		175898
19449		
41073		171687
27267		
68340		
87789		347585
49586		205777
4900		
3747		
58233		
11578		83878
5074		
16652		
		612
74885		290267
162674		637852
80743		371744
16660		
6532		
5375		
4987		
4280		
2915		
2082		
123574		
29023		219903
11074		
20		3
40117		
163691		644780
134343		233036
19272		
153615		
7987		38361
7987		
161602		271397
149760		251052
149760		
		3
149760		280776
62439		172581
29544		
13312		
10742		
116037		
13722		50336
6804		
20526		
111		12607
111		
136674		235524
63436		112529
63436		
63436		139606
94406		170728
94406		
137		9283
137		
94543		230892
57612		147906
57612		
52690		109007
15767		
68457		
126069		256913
129865		235343
12629		
142494		
		41474
142494		276817
64255		179444
12968		
77223		
29261		116081
11640		
10289		
51190		
128413		295525
98374		181948
13485		
111859		
16587		53593
16587		
164		8140
164		
		13
128610		243694
44967		153082
44967		
75877		138176
17271		
93148		
138115		291258
74194		185652
74194		
32767		
10938		
9206		
52911		
177		22635
177		
127282		317895
91636		212891
91636		
31780		74382
31780		
234		10907
234		
		1
123650		298181
58533		180888
17206		
75739		
85787		147430
85787		
105		9402
105		
		51
161631		337771
32410		185404
32012		
6033		
5865		
76320		
44462		135653
32584		
1847		
78893		
155213		321057
64635		187121
64635		
54898		104393
54898		
119533		291514
65804		190039
65804		
56951		112648
56951		
122755		312220
75567		220961
75567		
		517
75567		221478
55610		182589
13363		
9160		
78133		
		117642
78133		310088
60014		203434
60014		
40773		105338
27700		
68473		
141		
141		
128628		315589
2362108		5248195
1653833		3615844
1653833		
395199		1520621
240548		
74829		
710576		
		1
2364409		5329884
134505		199954
134505		
7278		76647
3940		
3791		
2945		
2170		
20124		
154629		282022
119217		187416
119217		
14327		84455
9073		
5092		
28492		
147709		279346
40161		155693
11946		
52107		
76428		112309
76428		
128535		282879
45538		192526
9541		
8545		
63624		
83638		129038
83638		
147262		321564
45682		234705
39701		
2742		
88125		
46606		123357
29513		
23768		
99887		
188012		358062
46488		180608
46488		
94002		94265
94002		
140490		282412
66659		172650
33683		
29231		
11011		
1125		
708		
648		
240		
143305		
19135		
2574		
921		
22630		
165935		265299
134796		188693
134796		
27147		102769
27147		
161943		291462
99332		181281
23157		
18963		
5429		
146881		
32101		120529
32101		
178982		313804
1413497		2676850
10596		186991
62		
10658		
8865		102439
59		
8924		
		199
19582		289629
21084		175218
231		
21315		
7372		118778
7258		
2258		
22		
16910		
		261
38225		306358
20401		176904
13035		
37		
33473		
10666		132136
150		
10816		
		4599
		521
44289		314160
13144		185458
47		
13191		
9247		120746
5041		
2086		
1885		
36		
18295		
		197
31486		306401
22663		159430
160		
22823		
8052		99601
43		
8095		
		180
30918		266617
164500		1483165
90785		941665
1074		
91859		
24964		560006
24390		
21062		
256		
70672		
		1247
162531		1502918
67978		214549
67978		
13580		34771
13580		
81558		262027
34278		155532
32966		
67244		
32395		142013
32395		
99639		307308
27431		202541
27431		
39091		142307
12338		
51429		
78860		358858
39494		177617
39494		
15448		90706
15448		
54942		280109
314999		1208302
214911		727121
214911		
68106		441399
30699		
98805		
313716		1210690
		5
		276786
61007		143379
43100		
104107		
104107		302315
32570		139527
9080		
713		
42363		
42363		343370
30189		190210
2831		
2427		
35447		
35447		301759
		210468
12647		111378
11906		
24553		
24553		315142
206470		1749840
168127		953816
27170		
195297		
316992		847005
209827		
34363		
20403		
17340		
13451		
7528		
619904		
815201		1800821
37883		98839
14254		
52137		
52137		288007
17506	92921	31318
13794	70705	
12087		
9282		
8979		
5796		
1748		
69192	163626	
69192	163626	66882
14500	43012	44501
14072	34405	
12693		
41265	77417	
36936	93093	44151
17621	57078	
16137		
6065		
76759	150171	
118024	227588	92572
3203		
31022		
31022		
		312416
		286299
270375	391214	1046176
24324		205629
15706		
6040		
5833		
2726		
753		
55382		
21154		168930
14248		
35402		
90784		374559
27873		226274
27873		
17741		109268
17741		
45614		335542
136398		710101
56304		444300
19		
56323		
69932		279510
11795		
81727		
		620
138050		724430
28566		177065
21892		
11904		
8753		
71115		
33627		174213
25624		
15700		
1277		
1186		
77414		
		329
148529		360480
60632		198578
60632		
15451		68561
15451		
		408
76083		276333
86598		203711
10614		
97212		
10346		87971
8576		
3953		
3721		
26596		
		766
123808		292448
78008		258704
48885		
1737		
1429		
1429		
1046		
132534		
4912		38739
3200		
2748		48
1722		
12582		
		453
145116		301431
90513		253854
19067		
109580		
12382		82631
8126		
7619		
28127		
		377
137707		344691
51635		190926
5686		
4895		
3433		
857		
66506		
25967		128207
21629		
5800		
4162		
1222		
58780		
		342
125286		330535
98027		227379
7322		8
105349		
10588		53147
3875		13
14463		
		259
119812		286020
104108		229740
11052		188
3391		28
118551		
8683		66351
5763		
4533		
2843		
1375		
23197		
		317
141748		306014
1018089		2497952
33513		215696
8765		
34		
42312		
3659		80067
42		
3701		
21		
21		
12		
12		
		336
46046		296099
30017		234369
360		
30377		
4		
4		
390		
390		
3		
3		
		3631
30774		238000
37041		227619
284		
37325		
3		
3		
548		
548		
3		
3		
		3488
37879		231107
38642		203032
381		
39023		
4087		75571
41		
4128		
9		
9		
1		
1		
		337
43161		298788
40248		225947
521		
40769		
6		
6		
618		
114		
732		
9		
9		
		2960
41516		228907
36646		226216
478		
37124		
5160		94845
49		
5209		
7		
7		
15		
15		
		251
42355		321312
56210		212304
805		
57015		
4825		67978
95		
4920		
16		
16		
44		
44		
		400
61995		280682
35189		185530
497		
35686		
38		
38		
302		
302		
103		
103		
		2722
36129		188252
40332		242166
468		
40800		
4		
4		
587		
587		
6		
6		
		3128
41397		245294
45587		272899
722		
46309		
7		
7		
856		
856		
2		
2		
		3774
47174		276673
428426		2605114
342446		1971974
154395		
538		
497379		
51788		926044
1043		
52831		
168		
168		
326		
326		
		3516
550704		2995247
51114		213216
51114		
17433		107340
10718		8
9565		
37716		
88830		327836
53322		214100
53322		
20617		119506
20617		
		7
73939		343309
49698		203799
49698		
13664		117961
13664		
63362		333518
57136		204259
57136		
23441		117665
23441		
80577		329764
41697		221841
41697		
14682		85017
14682		
56379		315295
47753		188157
47753		
13657		123257
13657		
61410		319646
17270		157213
9034		89
26304		
39314		149781
39314		
65618		322286
45850		204408
45850		
25963		145491
25963		
71813		361607
41978		183311
41978		
49940		150035
49940		
91918		351963
66003		230471
66003		
25040		108354
25040		
91043		347603
43303		177461
43303		
25924		156625
9635		
35559		
		23
78862		345182
58763		225094
58763		
18561		74565
18561		
77324		312344
21089		167481
19303		
13471		
53863		
7016		43098
7016		
60879		225922
51511		227841
51511		
51511		246588
51306		231784
51306		
11160		81802
11160		
62466		327827
1075931		4810690
561676		3038386
561676		
495467		1641070
495467		
1057143		4848620
20998		207753
20998		
17196		109453
8480		
25676		
1043		14904
1043		
		290
47717		332400
		597
		41
		1
		385656
14187		178932
14187		
20830		150787
20830		
674		38970
252		
926		
		406
		9
35943		369104
		814
		1
		316018
33988		228776
6251		
40239		
5284		71020
5284		
828		22318
828		
		633
46351		322747
19127		187817
3134		20
22261		
17474		175786
17474		
828		40643
828		
		459
40563		404725
21791		227187
21791		
7698		87062
7172		
14870		
		431
36661		314680
		582
		357284
207235		2802614
164136		1212629
74655		
3923		
3152		
3095		
1227		
1017		
251205		
130973		1212317
12456		
143429		
6678		437505
1405		
800		
761		
639		
618		
440		
11341		
		2340
		13
		12
405975		2887646
40919	20797	185959
30274	15958	
12913		
10624		
4095		
98825	36755	
16161	16733	149818
17082	16196	
10688		
43931	32929	
		1876
142756	69684	341389
110743		201606
17791		
128534		
128534		291970
18892	29351	213171
22254	22178	
17082		
6949		
748		
424		
344		
66693	51529	
43539		127698
38034		
81573		
148266	51529	340869
79807		216542
79807		
79807		290519
499363	121213	1264747
236022		480915
122729		
358751		
358751		1247026
358751		2490499
41517		242570
41517		
130		36700
130		
41647		279270
46877		232276
46877		
9018		132068
6007		
5059		
4690		
4557		
29331		
211		8628
211		
		7
76419		372979
38020		202470
38020		
7923		92759
5963		
2576		
2532		
18994		
224		5518
224		
57238		305071
37111		200009
37111		
31979		103446
10324		
5568		
47871		
84982		303455
38260		197249
38260		
9294		109166
3552		
2647		
1641		
17134		
55394		306415
36131		196526
36131		
36712		121894
6714		
43426		
225		12279
225		
79782		330699
64767		219016
64767		
11973		91010
3439		
15412		
199		6971
199		
		6166
		49
80378		323212
35418		72790
35418		
51801		198798
51801		
126		4443
126		
		2257
87345		278288
21543		161031
15752		
10609		
5501		
890		
54295		
22498		152956
15864		
6565		
6060		
50987		
250		8108
250		
105532		322095
668717		2821484
90492		308470
90492		
70176		155930
59768		
12598		
142542		
233034		480900
233034		480900
165050		348289
165050		
26936		129369
17044		
15507		
7632		
4257		
2788		
74164		
239214		477658
45958		184923
45958		
662		
662		
26332		77897
26332		
786		
786		
73738		262820
23054		142473
4246		
27300		
92		
42		
134		
20937		131901
5059		
25996		
260		
72		
332		
53762		274374
55129		183117
7918		
63047		
96		
29		
125		
17668		55087
6110		
23778		
91		
32		
123		
87073		238204
214573		775398
111455		455854
31271		
142726		
736		
289		
1025		
64468		317456
23617		
3179		
2629		
93893		
1114		
524		
45		
43		
1726		
123		11438
123		
86		
86		
92		7763
92		
31		
31		
239702		792511
19444		154860
2222		
21666		
4359		64837
2490		
1847		
1137		
1090		
896		
761		
12580		
34246		228922
43112		170771
7009		
50121		
50121		329520
22232		165912
2312		
1114		
587		
26245		
21955		147940
3030		
1911		
26896		
53141		349812
137508		908254
20839		176435
162		
127		
89		
21217		
18559		156338
16766		
534		
414		
46		
43		
36362		
		198
57579		341071
22638		188332
151		
59		
56		
46		
18		
22968		
12726		138222
10771		
4582		
2974		
547		
111		
61		
31772		
		229
54740		333904
112319		674975
42968		358438
5281		
235		
172		
48656		
60852		314403
7084		
517		
165		
3		
68621		
		
		430
117277		694787
32108		
2222		
4342		
38672		
5873		74001
1266		
7139		
45811		285157
16026		167701
2025		
18051		
16465		110990
16465		
34516		283965
18130		166390
18130		
12694		153122
6531		
6494		
25719		
43849		319512
16818		202972
16818		
13114		100036
13114		
29932		306551
19914		172653
19914		
9390		131033
4861		
1114		
15365		
35279		309007
18609		164077
18609		
3698		77469
1946		
1062		
6706		
25315		245077
15776		124818
15776		
10094		148461
5052		
3902		
3211		
1845		
1232		
241		
25577		
41353		295628
19948		159279
19948		
5859		63107
5859		
25807		223986
25418		151182
25418		
5797		69503
5797		
31215		223885
30764		169945
30764		
30764		171793
24304		189696
3731		
28035		
10885		113510
2456		
2271		
15612		
43647		306732
23653		193732
23653		
9718		108400
9718		
33371		306934
26527		120382
26527		
1739		34735
1739		
28266		159753
449125		3437980
203012		1951218
121777		
19743		
344532		
84663		1461025
74546		
25576		
184785		
529317		3482445
22341		166271
12660		
12074		
4273		
51348		
37060		132485
8246		
45306		
96654		298756
20281		129572
18597		
38878		
11510		101980
7486		
7341		
6468		
3614		
36419		
75297		231552
26775		161292
16497		
10148		
7234		
1979		
1845		
64478		
14767		86618
12632		
27399		
91877		284258
263828		814566
141629		505128
141629		
57953		318522
55039		
112992		
254621		823650
		13
		277641
		12
		240932
6847		149344
897		
7744		
		4
7744		270303
		1
		256271
		5
		158778
		26
		141206
		5
		139941
		24
		199861
		6
		120589
24405		155090
11558		
6		
35969		
		14
35969		164669
		17
		181740
		8
		136809
12805		107640
3992		
128		
16925		
4206		62441
2702		
609		
7517		
		40
24442		187446
		2659
		25
		229308
		15
		198691
		2
		131669
		20
		202321
		22
		255311
		15
		280994
		35
		311717
15932		11437
40336		
8589		85267
12194		
		22
52530		275872
		34
		253718
		25
		218925
		13
		251692
		24
		287099
9792		109615
23894		
		9
23894		270335
		249545
		33
		221378
		27
		275755
144579		6390516
		274271
		298430
23699		201686
16491		
40190		
54366		104364
24181		
78547		
118737		306050
23373		153947
9756		
33129		
33129		419698
40101		136103
39624		
79725		
79725		326923
42687		108873
19817		
7294		
69798		
69798		329891
		312855
		283819
51402		241053
4370		
55772		
45329		138719
32197		
77526		
133298		386483
34457		171774
16892		
51349		
41076		126699
27216		
68292		
119641		298473
19678		122087
17266		
3911		
40855		
40855		340716
		301722
113254		221379
14744		
127998		
127998		335762
723181		4215093
801920		2249311
239623		
170970		
62136		
60403		
1335052		
460665		1887510
51406		
512071		
		1655
1847123		4271970
43293		194577
43293		
46785		119388
46785		
1		
1		
1		
1		
1		
1		
1		
7		
1		
1		
1		
1		
1		
1		
1		
1		
1		
1		
1		
1		
1		
1		
14		
90099		313965
90099		313965
60454		155455
60454		
46408		140683
46408		
		67
106862		296290
41987		148671
28897		
2126		
73010		
57673		124213
29616		
12455		
99744		
		30
172754		331624
61915		200204
61915		
51416		115976
33268		
11164		
95848		
157763		316180
66771		186154
66771		
59693		99499
59693		
126464		285653
54093		188905
12347		
5873		
72313		
64450		105840
64450		
136763		294745
114409		176330
114409		
38401		92968
38401		
152810		283110
42499		174915
25984		
4817		
4030		
77330		
32826		125547
30029		
9243		
6118		
5236		
5024		
88476		
165806		300462
65271		202063
65271		
52602		95510
52602		
117873		297573
118814		222054
118814		
14703		76512
11693		
26396		
145210		298566
72646		157268
50760		
9362		
7264		
4339		
144371		
22401		107918
5844		
28245		
		10623
172616		275809
131857		
131857		
9123		36708
9123		
		144
140980		249542
63450		197447
6681		
70131		
48873		152234
32836		
13868		
95577		
165708		360388
105802		192593
105802		
12064		105050
10093		
7852		
		37
30009		
135811		297680
53036		188488
53036		
62263		125214
21352		
16339		
99954		
		9511
152990		323213
85840		139584
85840		
33838		137272
17499		
51337		
137177		303838
71038		169044
40429		
111467		
33534		136293
29735		
7448		
70717		
182184		305337
138610		218896
138610		
18683		61216
18683		
157293		280112
87503		164187
15980		
103483		
23598		110031
18612		
13483		
4620		
60313		
163796		274218
2690860		5374340
33563		193404
3025		
36588		
11116		98890
8842		
19958		
56546		292294
66041		173757
11438		
77479		
77479		246572
		264359
		272781
12902		88996
9003		
21905		
21905		260921
155930		1336927
116371		763375
10770		
7306		
3800		
138247		
113795		527736
76981		
190776		
329023		1346819
91466		237567
19659		
5982		
285		
117392		
29658		58279
12525		
829		
43012		
		4110
160404		332248
83087		236560
721		
83808		
56980		87649
1247		
58227		
		5817
		685
142035		340379
121176		254235
9389		
8783		
343		
139691		
22114		71063
712		
22826		
		15063
		701
162517		341062
119366		275143
955		
120321		
		43133
		13162
2345		
906		
3251		
		2708
123572		334146
51980		181577
18597		
17643		
6104		
1748		
482		
96554		
37217		128297
36005		
4110		
302		
77634		
		1326
174188		334674
762716		1682509
246482		864392
230889		
38367		
12647		
12056		
6127		
3398		
549966		
296330		805159
48560		
2068		
346958		
		92565
		5388
896924		1767504
116334		242799
116334		
4637		24714
4637		
120971		267513
161022		276870
161022		
4521		
4521		
165543		311336
43858		146846
24672		
18584		
10532		
97646		
42636		139757
42636		
140282		286603
112049		186536
112049		
42854		147411
42854		
154903		333947
13988		155513
13153		
12860		
9921		
7094		
5083		
4550		
4376		
1916		
72941		
30358		112509
25920		
17921		
74199		
147140		274177
39232		179423
39232		
82540		164952
82540		
121772		344375
91272		209955
91272		
52733		142362
52733		
144005		352317
100788		197869
100788		
35610		145103
35610		
136398		348515
57890		174951
57890		
58522		98735
58522		
116412		273686
71988		160837
71988		
34129		124681
31102		
65231		
137219		285518
93120		146379
93120		
27710		137151
27710		
120830		283530
112082		155268
112082		
3165		113120
3165		
115247		268388
98696		196868
98696		
27169		108271
27169		
125865		313513
134298		242326
134298		
134298		265540
27875		181433
27875		
73734		128333
73734		
101609		309766
49740		170329
49740		
59246		120193
59246		
		11768
108986		305167
79551		192699
79551		
49123		109909
49123		
128674		302608
39780		213349
39780		
52247		119661
48224		
15733		
116204		
155984		333010
57198		218862
57198		
69068		109533
69068		
126266		328395
		3380
		3380
2502404		5791284
440672		1010304
248127		
50590		
64		
739453		
		46126
		37865
		3719
739453		1908125
739453		1908125
25493		145254
25493		
44		51340
44		
		15108
		29
		20
		20
		8
		5
		214
25537		211998
20018		158416
20018		
1030		67433
1030		
		31
		17
		14
		6
		5
		5
		307
21048		226234
46585		438232
48109		320644
7286		
55395		
1068		116174
1068		
		809
		262
		67
		33
		13
		10
		10
		9
		8
		7
		5
		761
56463		438812
42588		177540
11488		
6718		
60794		
9107		163724
4871		
13978		
		615
74772		341879
44783		184583
7831		
52614		
16911		158627
8219		
25130		
		276
77744		343486
		218
		288741
37571		184440
18545		
56116		
6189	5312	113291
4900	2479	
3879		
14968	7791	
		1865
71084	7791	306928
		125
		306285
		134
		286571
223600	7791	1873890
187736		1076534
93125		
280861		
74185		790621
73127		
147312		
		4276
428173		1871431
		379007
		379007
34598		142784
13047		
4983		
52628		
52628		380673
25993		168343
25511		
329		
51833		
4123		57525
1968		
6091		
1		3988
1		
57925		234381
50722		227120
50722		
10006		63639
6765		
16771		
67493		290759
31782		184964
3125		
34907		
13122		73059
13122		
		3750
		7
48029		266628
30487		146776
3233		
33720		
13363		94447
4199		
3749		
21311		
		4869
55031		249805
17985		181467
17985		
5482		85471
2225		
7707		
		4
25692		275602
21752		194264
21752		
723		
723		
22475		261028
30997		217332
19025		
50022		
12003		99549
3535		
15538		
65560		316881
24844		180465
24844		
23		54
23		
24867		180519
50306		198798
11817		
914		
180		
172		
63389		
		11003
63389		226282
430461		2301885
244222		1579477
244222		
59050		767236
39119		
33471		
32309		
14702		
4697		
183348		
427570		2424585
49035		189012
49035		
49035		215826
36562		175101
36562		
36562		196914
36050		170742
3466		
1952		
41468		
33592		108693
13305		
46897		
88365		285783
41764		206906
5835		
5492		
2965		
852		
56908		
37416		88067
27766		
65182		
122090		300744
45803		162894
45803		
45803		194861
42054		174008
42054		
33021		99919
31959		
64980		
107034		280582
44477		162635
44477		
55771		123242
55771		
100248		290934
51011		207128
51011		
55817		70758
55817		
106828		285451
73657		143868
73657		
73657		153628
44214		179493
44214		
51977		143719
33072		
85049		
129263		333083
61409		189625
61409		
61409		214676
49374		181662
49374		
48975		82250
48975		
98349		268754
56807		180078
56807		
35649		51841
35649		
92456		231919
37777		191293
15859		
53636		
53636		191293
77227		107578
77227		
8370		52303
8370		
85597		163708
75058		130375
18274		
93332		
93332		158723
60557		134592
60557		
44448		115581
44448		
105005		254022
78161		148617
78161		
5638		39095
1539		
7177		
85338		192198
54099		168501
54099		
26966		58030
16786		
43752		
97851		232611
52245		127298
52245		
10409		44585
10409		
62654		177055
64350		243471
64350		
64350		304350
11634	15511	161996
16697	7125	
8399		
8169		
5864		
2116		
992		
989		
880		
424		
56164	22636	
73831		140160
73831		
129995	22636	308995
71716		134090
71716		
18681		100799
11671		
30352		
102068		240470
30378		151434
30378		
49166		111089
49166		
79544		270495
110108		191755
110108		
23213		88693
23213		
133321		291296
41328		195181
41328		
54417		118167
54417		
95745		324376
77513		104864
77513		
9292		69458
7236		
16528		
94041		180951
84819		123494
84819		
14073		52524
14073		
98892		179740
42222		79718
42222		
5302		25512
5302		
47524		106794
90425		168249
90425		
5366		32361
5366		
95791		203976
46388		175563
46388		
58792		106559
58792		
105180		291304
28736		116283
28736		
20043	1981	82406
14929	753	
9705		
44677	2734	
		4421
73413	2734	203110
2814376	25370	7528622
997216		4337469
226649		
1223865		
1110579		3389365
584966		
269402		
212305		
2177252		
3401117		7912075
		303445
		
		
		
		
		
		348325
28618		187035
19255		
		
		
		
47873		
47873		285069
47873		936839
19566		248203
2635		
98		
22299		
609		
600		
1209		
		10818
261		9081
34		
295		
131		5307
6		
137		
		2552
23940		298151
23940		298151
8559		28153
2289		
5		
		69
10853		
10853		28222
10853		28222
		756
		360292
		368
		270711
		7377
		247288
		405
		334521
		183
		317076
		5413
		262
		312392
		683
		372337
11792		222986
1764		
13556		
3286		97425
2577		
5863		
		6829
		957
19419		328197
		6264
		213570
16726		223140
1506		
18232		
5462		147357
3377		
8839		
		8457
		526
27071		379480
14233		196598
8196		
1508		
638		
24575		
		864
24575		359491
71065		3495355
		3178
		3643294
104342		233780
104342		
52700		111240
52700		
157042		345020
98304		217416
5590		
8857		
112751		
68189		131051
68189		
180940		348467
83409		216701
21356		
104765		
32372		121828
27738		
60110		
164875		338529
93241		169940
6842		
100083		
49841		99430
49841		
149924		269370
96584		211305
12155		
108739		
34251		112382
19645		
53896		
5268		
5268		
3673		
3673		
171576		323687
96862		205991
14983		
111845		
51300		102081
51300		
6014		
6014		
169159		308072
95344		291963
6685		
3199		
105228		
19307		57054
19307		
3410		
1216		
4626		
129161		349017
74140		191568
74140		
68010		171358
5051		
1886		
74947		
2116		
1523		
3639		
152726		362926
81503		176295
81503		
44472		93080
44472		
125975		269375
1401378		2914463
95674		187734
95674		
		69
		61
95674		187864
42476		147334
42476		
66112		110819
30177		
9068		
105357		
		16
147833		258169
100801		133522
100801		
15916		66005
15916		
116717		199527
360224		645560
271327		447560
51068		
29699		
352094		
81189		254629
81189		
		83
		36
433283		702308
11718		231009
24		
11742		
6015		125268
5221		
4511		
689		
49		
16485		
141		4606
3		
144		
14		
14		
		224
28385		361107
18414		277914
132		
18546		
7407		122513
22		
7429		
13		
13		
12		
12		
		414
26000		400841
18039		225208
62		
18101		
17841		122760
63		
17904		
345		8236
225		
6		
576		
6		
6		
		196
36587		356400
18342		222728
694		
19036		
		2169
19036		254179
47144		275271
13078		
14		
60236		
691		
15		
691		
15		
5		
5		
		913
60947		345899
21839		221875
82		
21921		
7441		126090
4548		
22		
12011		
18		
18		
12		
12		
		299
33962		348264
25100		212666
129		
25229		
8208		136938
35		
8243		
7		
7		
6		
6		
		233
33485		349837
14500		193662
26		
14526		
16569		164621
93		
16662		
13		
13		
13		
13		
		364
31214		358647
269616		2775174
33149		131244
26827		
8537		
3171		
139		
71823		
24741		106758
147		
24888		
187		11030
17		
204		
		363
96915		249395
96915		249395
69195		189046
463		
69658		
14221		60631
8578		
181		
22980		
46		
46		
		269
92684		249946
68194		183063
566		
68760		
12316		66202
11984		
86		
24386		
34		
34		
		293
93180		249558
185864		499504
