PRIMARY VOTES	RUNOFF VOTES	GENERAL VOTES 		
		198		
		152234		
				
		157		
		167952		
				
50372		103558		
15999				
66371				
		246		
66371		156620		
				
		1921		
		134752		
				
49117		115338		
12038				
61155				
		39005		
		631		
61155		154974		
				
18655	47525	135945		
30894	27333			
14451				
14420				
13130				
2397				
587				
94534	74858			
		213		
94534	74858	178449		
				
74953		133687		
14374				
89327				
		2212		
89327		135899		
				
311387	74858	1080880		
				
				
79393		142572		
14497				
7604				
5373				
106867				
38735		114602		
9132				
47867				
13437		21290		
13437				
		1277		
168171		279741		
168171		279741		
				
				
				
		4306		
		3157		
		1130		
		652		
		268		
		229		
		201		
		160		
		143		
		10246		
		10246		
				
51393		97391		
51393				
18814		87723		
18407				
15266				
52487				
103880		185114		
45492		109714		
14995				
5103				
65590				
49039		109547		
49039				
		56		
		48		
114629		219365		
28758		58192		
28758				
18823		46185		
18823				
		43		
		8		
47581		104428		
				
65354		122560		
65354				
19643		45179		
19643				
29		7440		
29				
85026		175179		
71690		124867		
71690				
20249		54596		
20249				
91939		179463		
69902		129578		
69902				
25306		70198		
25306				
95208		199776		
14936		54235		
11077				
2330				
2199				
30542				
300		10715		
300				
4		3858		
4				
		3496		
		129		
		17		
		4		
30846		72454		
53771		128710		
19629				
73400				
2		41066		
2				
73402		169776		
31900		88609		
31900				
30484		67841		
19808				
50292				
52		5612		
52				
82244		162062		
724755		1467617		
				
		196256		
29916		123073		
12400				
11994				
54310				
		190		
54310		237330		
		190935		
18719		110789		
15659				
34378				
		2		
34378		206131		
88688		830652		
				
				
75317		132052		
42481		84320		
13909				
9213				
140920		216372		
99186		163124		
32614		54400		
14245				
146045		217524		
54672		79224		
47560		71036		
102232		150260		
80999		126784		
32855		84350		
30300				
144154		211134		
88709		129613		
12292		41535		
9279				
110280		171148		
62640		97008		
22465		36448		
85105		133456		
51878		92521		
29307		91066		
19431				
7924				
1629				
869				
111038		183587		
40007		77480		
12885		37056		
9037				
6930				
68859		114536		
38295		63475		
20424		57729		
14195				
4637				
77551		121204		
44237		70582		
19804		55123		
11005				
2				
75048		125705		
59605		117502		
28242		57160		
4913				
3482				
2673				
2313				
140				
101368		174662		
79816		160067		
12922		32197		
6156				
3774				
2107				
1514				
1270				
879				
108438		192264		
77461		168491		
9533		21940		
4602				
2190				
93786		190431		
66800		114389		
19482		34757		
86282		149146		
42419		99756		
22228		43150		
21798				
86445		142906		
25586		46277		
12542		44943		
8877				
4565				
3827				
2370				
57767		91220		
43607		69561		
25384		64847		
15359				
6154				
90504		134408		
81295		133060		
27111		63326		
9644				
2190				
120240		196386		
63845		85888		
20132		41900		
83977		127788		
67528		106034		
23950		35010		
91478		141044		
28773		45907		
11682		33470		
5232				
45687		79377		
60499		96053		
22198		37289		
6403				
89100		133342		
58334		100317		
313		33726		
157				
36				
31				
58871		134043		
58198		103228		
21059		95566		
20445				
15575				
9269				
4646				
2144				
1249				
678				
133263		198794		
18327		60847		
19090		53225		
14315				
6149				
3805				
1214				
933				
699				
64532		114072		
38854		87176		
38021		82653		
6536				
1980				
85391		169829		
39915		75728		
26205		51852		
66120		127580		
46004		91996		
11078		28268		
4643				
38				
61763		120264		
19566		50096		
8025		17045		
3542				
31133		67141		
40787		86568		
14129		45315		
8808				
4251				
2352				
76				
70403		131883		
9242		51622		
14163		48162		
9033				
8461				
5954				
4659				
1737				
53249		99784		
24639		50353		
16459		34053		
41098		84406		
20432		108331		
23476		74700		
17988				
14335				
13005				
7673				
2561				
2516				
1554				
994				
883				
732				
650				
509				
477				
345				
327				
188				
1				
108646		183031		
22878		44697		
4474		16924		
3587				
48				
30987		61621		
17996		39502		
4081		22753		
2574				
2183				
567				
27401		62255		
41443		72682		
28662		61457		
12232				
82337		134139		
47639		96787		
8530		18051		
3677				
59846		114838		
27149		58192		
20046		40288		
47195		98480		
49071		91319		
20480		41906		
69551		133225		
13745		30208		
6968		19171		
20713		49379		
19648		46948		
16264		35936		
4509				
3581				
44002		82884		
37506		74540		
8788		38850		
6118				
3150				
8				
55570		113390		
33746		69681		
16440		28521		
12				
50198		98202		
25641		59670		
5		9192		
25646		68862		
39631		106083		
24721		56819		
21284				
2317				
87953		162902		
20172		49738		
7234		33577		
5666				
4969				
1835				
39876		83315		
44019		69091		
33093		54309		
3				
77115		123400		
52431		112082		
18242		62713		
11082				
6142				
5591				
93488		174795		
56558		98161		
25946		64981		
8887				
16				
91407		163142		
62371		111997		
21552		45302		
4634				
88557		157299		
35812		56373		
16403		25577		
184				
52399		81950		
53926		98826		
44954		92746		
23588				
5040				
127508		191572		
50041		87104		
18384		60940		
9182				
3986				
2729				
2106				
1596				
929				
88953		148044		
4151475		7132421		
				
43514		183281		
43514				
21519		80682		
1				
21520				
		9292		
				
		5236		
		2		
		1		
65034		278494		
				
37759		196300		
37759				
43481		149645		
43481				
81240		345945		
				
46177		163011		
15773				
61950				
29931		100364		
29931				
		11294		
		6472		
91881		281141		
				
32714		185292		
17722				
12155				
11433				
74024				
20883		83727		
29				
20912				
		9472		
		8016		
94936		286507		
				
38741		157182		
34967				
73708				
16412		105673		
16412				
90120		262855		
				
43737		143467		
43737				
24267		118847		
24267				
		8623		
		5503		
68004		276440		
				
30659		148225		
30659				
34817		120918		
34817				
127				
127				
65603		269143		
556818		2000525		
				
				
		8395		
		3447		
		217881		
				
		10654		
		2549		
		2602		
		227936		
		10476		
		209939		
		5472		
		3713		
		3		
		2		
		198800		
		7308		
		1970		
		5363		
		213301		
		1067857		
				
		4801		
		231617		
		231617		
				
				
87247		143923		
2652				
89899				
1131		11673		
128				
1259				
		9101		
				
323		6073		
83				
406				
		1123		
1				
31				
91595		171893		
91595		171893		
				
44784		165086		
14660				
59444				
		15281		
59444		235343		
		422		
		249780		
37486		148691		
9739				
47225				
		6208		
47225		228809		
				
38613		177887		
15817				
54430				
		35663		
		13690		
		13		
54430		227253		
				
10968		59237		
6451				
17419				
17419		171577		
				
		265817		
32084		144474		
8316				
2285				
1786				
44471				
		9679		
44471		227164		
		61		
		274513		
18641		93850		
6441				
25082				
11542		74963		
6293				
3301				
21136				
		5060		
		5		
46218		173878		
11912		89426		
7324				
4718				
23954				
		20		
23954		232574		
		272294		
				
		86		
		223576		
				
		213582		
		220		
		274829		
		223756		
15805		101896		
9920				
5760				
5361				
2757				
1594				
41197				
41197		253374		
		12		
		246861		
29236		128498		
5256				
2424				
36916				
36916		157466		
				
31080		153395		
2845				
33925				
		575		
33925		153970		
				
7492		90685		
6073				
4017				
17582				
		7		
17582		216096		
				
6299		61519		
3764				
10063				
10063		164788		
				
35456		129192		
8628				
44084				
		5487		
44084		149918		
				
				
13861		83031		
7455				
5136				
2209				
824				
29485				
29485		161337		
506413		4998555		
				
18971	22871	95337		
11890	19632			
10715				
6918				
2819				
1063				
52376	42503			
6122	6531	61175		
6148	3821			
5836				
18106	10352			
70482	52855	156512		
				
39941		96363		
39941				
16468		66537		
7252				
23720				
63661		162900		
				
37106		156277		
16294				
53400				
53400		156277		
				
26514		161211		
21909				
48423				
		109		
48423		161320		
				
48001		170326		
48001				
48001		170326		
				
44074		139018		
44074				
11493		71486		
11493				
55567		210504		
				
33804		113557		
33804				
7141		60112		
7141				
40945		173669		
				
36073		129938		
36073				
		119		
36073		130057		
				
49951		146059		
12315				
62266				
6415		34988		
6415				
68681		181047		
				
17408	26975	130703		
17143	22684			
7972				
3830				
2423				
2167				
1027				
51970	49659			
15965		65777		
15965				
67935	49659	196480		
				
20862	34667	161532		
14704	17807			
9745				
8448				
2288				
962				
57009	52474			
57009	52474	161532		
				
25093		91336		
7677				
6644				
5826				
1237				
46477				
26324		75478		
26324				
72801		166814		
				
29486		159445		
6367				
35853				
35853		159445		
				
32343		118782		
11324				
43667				
43667		118782		
				
762498	154988	2305665		
				
				
5898		20693		
2016				
24				
7938				
6753		14956		
120				
6873				
		113		
14811		35762		
14811		35762		
				
52736		93390		
33678				
12135				
7937				
4555				
4495				
3039				
118575				
20802		86454		
777				
21579				
99				
94				
193				
140347		179844		
92032		142010		
92032				
9094		33630		
6926				
16020				
373		4693		
373				
108425		180333		
248772		360177		
				
				
				
56206		143580		
5164				
3494				
3373		7		
3304				
71541				
9047		77277		
1981				
11028				
82569		220864		
48632		131492		
30263				
78895				
14547		82801		
14547				
93442		214293		
176011		435157		
				
				
				
47627		162268		
47627				
17188		59749		
17188				
64815		222017		
				
40286		160337		
40286				
16096		43799		
16096				
		130		
56382		204266		
				
28883		116764		
28883				
18358		64091		
10937				
29295				
58178		180855		
				
21625		79666		
4796				
2670				
29091				
6637		22278		
6637				
35728		101944		
				
26364		116364		
26364				
		56350		
21				
21				
153		11305		
153				
26538		184019		
65332		160287		
65332				
8615		78465		
8615				
73947		238752		
43061		155110		
43061				
7289		27168		
7289				
50350		182278		
10661		84178		
10661				
24657		66878		
9827				
34484				
45145		151056		
31576		141000		
31576				
15575		72384		
14148				
29723				
		66		
61299		213450		
32124		95992		
32124				
11945		91136		
11945				
44069		187128		
				
12461		93436		
12461				
13290		81335		
12024				
9460				
1253				
36027				
		1		
48488		174772		
				
33066		110038		
33066				
31015		87860		
31015				
120		11840		
120				
64201		209738		
27816		123337		
20951				
2147				
50914				
17322		86935		
9935				
4438				
31695				
82609		210272		
57665		145369		
57665				
5184		76861		
2691				
7875				
65540		222230		
66453		166274		
66453				
17108		55652		
17108				
83561		221926		
56593		153388		
15558				
72151				
12077		63810		
12077				
84228		217198		
21923		110560		
21923				
41063		88785		
41063				
		16		
62986		199361		
				
82412		184363		
82412				
6763		62377		
5692				
12455				
94867		246740		
1102931		3568002		
				
				
34446		86579		
34446				
12738		51000		
12738				
47184		142293		
				
28641		85583		
28641				
11103		55590		
3540				
2634				
1837				
19114				
47755		145200		
				
48837		102889		
5868				
5094				
59799				
2893		39771		
2805				
2597				
8295				
68094		148793		
				
43179		94998		
17472				
60651				
3742		47056		
2266				
1332				
778				
754				
8872				
69523		142054		
				
34996		105277		
7327				
5790				
48113				
6141		49756		
4856				
3660				
14657				
				
62770		161440		
				
49094		102187		
49094				
9078		45509		
5574				
4151				
18803				
67897		155071		
				
19446		61443		
1209				
782				
390				
21827				
4882		46887		
3258				
2840				
1872				
1057				
13909				
35736		112261		
				
30967		103344		
10405				
41372				
23055		61384		
23055				
64427		171315		
				
30402		101594		
4607				
3293				
38302				
10394		55016		
5737				
3561				
3206				
22898				
61200		162387		
				
524586		1340814		
				
				
16886		147762		
11420				
2413				
42				
30761				
10189		141145		
6559				
5076				
4067				
1846				
18				
27755				
		399		
58516		289306		
				
17154		143431		
117				
17271				
15043		129455		
11634				
3746				
52				
30475				
		443		
47746		273329		
				
42545				
9233		119109		
75				
9308				
		9054		
		4360		
				
		729		
51853		282066		
43098		169834		
382				
43480				
9900		105504		
42				
9942				
		295		
53422		275633		
211537		1120334		
				
				
42847		138764		
35108				
77955				
8209		65397		
4293				
12502				
90457		204161		
41850		128742		
18680				
60530				
18337		87153		
18337				
78867		225686		
47319		134493		
47319				
14189		89584		
6524				
20713				
68032		224077		
43564		138757		
25977				
69541				
11408		69396		
11408				
80949		208153		
318305		862077		
				
				
38055		63596		
30528				
68583				
68583		236618		
		226834		
52026		157056		
7747				
59773				
59773		247355		
		222158		
38949		47617		
27246				
66195				
66195		218967		
46727		98290		
30035				
76762				
76762		245694		
271313		1397626		
				
		244004		
		221570		
		236268		
		207919		
		239551		
		258479		
		1407791		
				
				
30950		186674		
30950				
17061		94751		
17061				
		27410		
		63		
48011		308898		
				
19736		133308		
14987				
34723				
19906		118556		
8116				
28022				
		31336		
		248		
62745		283448		
110756		592346		
				
				
45477		176342		
12913				
58390				
19937		73843		
14965				
34902				
		233		
93292		250418		
43614		120412		
6450				
6164				
56228				
14990		70411		
14990				
		205		
71218		196354		
54926		128594		
9564				
64490				
7597		87029		
7303				
2524				
17424				
		323		
81914		215946		
53648		134628		
8021				
61669				
5368		54217		
3469				
2740				
2695				
14272				
		197		
75941		191837		
57240		144725		
57240				
8137		80752		
6050				
5374				
19561				
		336		
		227		
76801		226040		
33289		94704		
33289				
23933		91930		
4718				
28651				
		140		
61940		190536		
				
69790		144639		
4786				
2460				
77036				
6293		55860		
5195				
11488				
		207		
88524		206809		
				
60556		136722		
3834				
1950		16		
66340				
22648		87859		
22648				
		102		
		398		
88988		225097		
638618		1703037		
				
43225		167612		
406				
43631				
		3498		
43631		171110		
				
39852		169640		
288				
40140				
		3105		
40140		172745		
				
39152		139104		
402				
39554				
12731		81638		
85				
12816				
		204		
52370		220946		
				
44606		184158		
357				
44963				
		3940		
44963		188098		
				
57014		182100		
13070				
140				
70224				
		3159		
		1		
70224		185260		
				
36575		149638		
28915				
4293				
1527				
691				
36				
72037				
18227		111989		
143				
18370				
		10373		
		219		
90407		272219		
				
45292		142133		
578				
45870				
		2413		
45870		144546		
				
51077		200644		
499				
51576				
		2707		
51576		203351		
				
42716		140413		
345				
43061				
9567		114971		
9049				
6973				
3917				
69				
29575				
		157		
				
72636		255541		
511817		1813816		
				
				
49540		130414		
21497				
71037				
31104		113263		
31104				
102141		250131		
				
54416		135568		
54416				
19957		70851		
19957				
74373		213072		
				
39706		125754		
29422				
69128				
20378		84720		
20378				
89506		217165		
				
34399		123962		
23844				
7408				
65651				
23496		85777		
23496				
89147		219423		
				
46065		148182		
46065				
13557		69222		
12859				
26416				
72481		222138		
				
37731		116801		
15283				
53014				
19894		84391		
19894				
72908		208976		
				
38046		119564		
9934				
47980				
25048		92083		
25048				
		4369		
73028		223685		
				
35422		132739		
23358				
58780				
13535		102269		
11921				
3103				
3054				
31613				
90393		243125		
				
40877		136342		
40877				
30678		81470		
30678				
71555		225757		
				
55272		157069		
55272				
25820		67143		
25820				
				
81092		228692		
				
42008		140435		
21254				
63262				
13441		101681		
12479				
10371				
2906				
39197				
		1411		
102459		251238		
				
45162		134346		
12994				
58156				
18793		64716		
18793				
		5039		
76949		206660		
				
42005		132710		
14850				
56855				
6696		27234		
6696				
		3466		
63551		166947		
				
26387		165272		
23996				
22866				
831				
74080				
12611				
		30		
86691		212468		
				
1146274		3089477		
				
				
19983		122851		
19983				
12748		103536		
10870				
23618				
		308		
43601		226695		
				
18236		137778		
18236				
12361		95565		
2622				
14983				
461		12319		
461				
		186		
33680		245848		
				
		224		
		269585		
				
		229		
		241637		
				
		353		
		236010		
				
19557		133328		
7125				
26682				
10070		90926		
10070				
467		12457		
467				
		135		
37219		236846		
				
		334		
		240835		
				
		11450		
		185		
		266083		
				
114500		1963539		
				
				
56550		102622		
56550				
9741		43713		
5022				
14763				
71313		151111		
				
41618		100688		
1860				
43478				
		36465		
43478		148646		
				
85674		117771		
7258				
92932				
7738	4925	47744		
5820	4462			
2490				
16048	9387			
		3890		
108980	9387	170946		
				
				
54268		108776		
46133				
4955				
1129				
904				
107389				
6355		37869		
5063				
11418				
		3684		
		857		
118807		155576		
				
342578	9387	626279		
				
				
69650		119315		
69650				
4196		35273		
3659				
2833				
10688				
465		8906		
465				
80803		163494		
				
55322		148191		
55322				
54557		75384		
54557				
720		7542		
720				
110599		231117		
				
71030		130940		
9786				
8580				
89396				
15987		52021		
11988				
27975				
774		8593		
774				
		66		
118145		191620		
				
65404		120014		
22131				
87535				
26831		46464		
26831				
567		9793		
503				
1070				
		15		
115436		176286		
				
44296		79256		
2988				
2687				
2584				
1438				
53993				
24615		69071		
5020				
4797				
1453				
35885				
813		5308		
813				
90691		153635		
				
56789		124616		
8745				
4364				
4244				
74142				
18109		55157		
9706				
7241				
35056				
591		7197		
591				
109789		186970		
				
55505		104054		
33498				
89003				
8671		47282		
7457				
16128				
764		12584		
764				
		32		
		3		
		2		
105895		163957		
				
66511		106124		
66511				
28303		38721		
28303				
		6821		
368		3799		
368				
462		3759		
462				
95644		159224		
				
827002		1426303		
				
43766		203871		
38591				
37965				
9011				
2290				
131623				
42588		148690		
28580				
71168				
202791		367963		
202791		367963		
				
61171		123219		
5357				
4110				
70638				
23336		55838		
23336				
804				
804				
2502				
545				
297				
3344				
98122		179057		
				
16571		83872		
3764				
20335				
25169		78157		
21959				
47128				
67		9021		
43				
110				
418				
108				
526				
10				
10				
20				
1101				
643				
1744				
		459		
69863		171509		
				
66586		139440		
30996				
97582				
19936		45524		
19936				
133				
133				
527				
470				
997				
118648		184964		
				
286633		535530		
				
				
12966		45643		
2106				
15072				
6083		30413		
5045				
11128				
		2617		
		1626		
26200		80299		
				
8206		52016		
6804				
3225				
3164				
21399				
		11792		
21399		186210		
				
13204		52644		
2511				
15715				
		1637		
		1566		
		1344		
15715		145719		
				
10398		63466		
8077				
5393				
523				
24391				
16269		59844		
1532				
1498				
19299				
		4119		
		3352		
43690		130781		
				
107004		543009		
				
29246		125508		
24342				
4999				
996				
83				
40				
59706				
16956		116769		
113				
108				
92				
10				
4				
17283				
				
		459		
76989		242736		
				
21269		130700		
144				
79				
39				
32				
6				
21569				
27285		106871		
15196				
10327				
2489				
103				
64				
55464				
		613		
77033		238184		
				
154022		480920		
				
				
18504		93315		
3871				
3303				
25678				
6405		64073		
1337				
863				
767				
9372				
		1784		
		1134		
		1103		
		634		
		449		
35050		162492		
				
17921		92786		
3919				
3247				
25087				
359		63727		
359				
		2373		
		1647		
		742		
25446		161275		
				
14294		108875		
3037				
17331				
11455		66026		
2554				
14009				
		663		
		612		
		501		
		471		
31340		177148		
				
15908		100471		
10643				
26551				
12425		82537		
1705				
700				
14830				
		3095		
41381		186103		
				
14810		118826		
14810				
8122		54415		
8122				
		1608		
22932		174849		
				
15972		104678		
15972				
9529		81808		
1031				
10560				
		2435		
26532		188921		
				
11358		72190		
11358				
4816		46891		
4816				
		1376		
16174		120457		
				
15900		104287		
13308				
29208				
8768		68232		
8768				
		3478		
37976		175997		
				
25641		61510		
25641				
1973		15141		
1973				
		1192		
		1022		
		653		
27614		79518		
				
12907		82498		
12907				
4474		36246		
4474				
		1715		
17381		120459		
				
24490		95734		
1291				
697				
360				
26838				
1490		14154		
1490				
		1237		
		998		
28328		112123		
				
15697		109455		
7828				
23525				
6949		65477		
1122				
1078				
9149				
32674		174932		
				
15603		90430		
10089				
7890				
2668				
36250				
6617		54168		
6617				
		1330		
		890		
		567		
		531		
		450		
42867		148366		
				
385695		1982640		
				
				
				
29133		105474		
29133				
13300		74558		
7054				
20354				
49487		180032		
				
24598		95209		
24598				
21751		52499		
21751				
		69		
46349		147777		
				
50709		113249		
7207				
57916				
15690		70775		
15690				
		52		
				
73606		184076		
169442		511885		
				
				
				
10283		77062		
6482				
16765				
		108		
16765		172865		
				
		58		
		139330		
				
3439		63219		
3428				
6867				
		74		
6867		164375		
				
7770		83772		
5791				
13561				
9083		67811		
4687				
13770				
664		9879		
333				
997				
		179		
28328		170099		
				
8119		75712		
2023				
10142				
		3870		
		239		
10142		79821		
				
		595		
		55963		
				
7627		47142		
1796				
9423				
		108		
9423		63812		
				
		71		
		83999		
				
		183		
		92569		
				
		205		
		101881		
				
		546		
		107363		
				
		95		
		113429		
				
23865		63437		
21607				
3971				
599				
50042				
		151		
50042		78353		
				
		117		
		57204		
				
10346		53128		
1004				
11350				
		42		
11350		56563		
				
		733		
		100391		
				
		123		
		174054		
				
780		3423		
682				
1462				
		4294		
		144		
1462		179091		
				
		109		
		204173		
				
		114		
		204329		
				
16489		79615		
10620				
27109				
		141		
27109		174668		
				
16119		113574		
14000				
30119				
		2081		
30119		131932		
				
		109		
		183481		
				
		444		
		199222		
				
		236		
		192971		
				
		5		
		166124		
				
		59		
		203645		
				
191607		3651707		
				
60847		154333		
14147				
74994				
5519		55990		
5232				
10751				
85745		210323		
				
21412		122128		
15045				
36457				
11678		85479		
11288				
5616				
28582				
65039		207607		
				
22616		139415		
20024				
1798				
44438				
44438		205597		
				
		227362		
				
49572		139279		
16175				
65747				
8010	2748	88973		
6417	1443			
5618				
4189				
24234	4191			
89981	4191	228252		
				
11123	18965	147312		
15127	12722			
5055				
5043				
3494				
1899				
1427				
510				
458				
44136	31687			
19066		103758		
14882				
33948				
78084	31687	251070		
				
23010		134431		
17389				
3000				
43399				
21966		84054		
15741				
37707				
		163		
		6		
81106		226504		
				
		187422		
				
29505		163080		
14146				
43651				
		8219		
		2369		
43651		173668		
				
29400		133504		
8273				
37673				
37673		218796		
				
16819		85342		
14272				
31091				
31091		230024		
				
15235		130096		
8180				
4342				
2856				
1775				
1733				
502				
34623				
8652		42568		
2439				
11091				
45714		172664		
				
14967		127668		
7495				
4431				
2984				
2034				
1939				
33850				
33850		169246		
				
24631		114718		
6308				
4052				
34991				
34991		268709		
				
671363	35878	2977244		
				
				
50188		138100		
151				
50339				
30102		95678		
52				
30154				
1548		14531		
7				
1555				
		361		
82048		248670		
82048		248670		
				
		8549		
		4547		
		13096		
		13096		
				
31953		124779		
31953				
7369		72604		
5814				
13183				
45136		197383		
				
37134		132658		
37134				
4812		68453		
3995				
3974				
3416				
16197				
53331		201111		
				
25151		91769		
25151				
10045		51475		
7032				
17077				
		17		
42228		143261		
				
47967		125907		
47967				
1471		60165		
1471				
49438		186072		
				
42288		134449		
42288				
16460		58507		
16460				
395		9344		
395				
59143		202300		
				
30799		111026		
30799				
22359		73561		
8292				
30651				
29		6065		
29				
61479		190652		
				
32839		143959		
32839				
32839		143959		
				
47261		126539		
15030				
3812				
66103				
8911		51534		
7399				
16310				
60		10257		
60				
82473		188330		
				
32464		108870		
32464				
9587		51704		
3686				
13273				
		112		
		29		
45737		160715		
				
32550		130752		
8214				
40764				
9645		63249		
7655				
17300				
221		6605		
221				
58285		200606		
				
55088		137105		
55088				
8839		35461		
8839				
63927		172566		
				
46186		150573		
46186				
18259		61360		
18259				
155		9148		
155				
64600		221081		
				
45585		120230		
8016				
53601				
351		55233		
351				
		86		
53952		175549		
				
27547		135736		
22546				
50093				
23533		70856		
23533				
259		7988		
259				
73885		214580		
				
36569		128496		
3999				
40568				
18336		66125		
18336				
58904		194621		
				
37040		132176		
37040				
14635		75199		
10575				
25210				
62250		207375		
				
907607		3000161		
				
				
				
26245		110925		
6673				
32918				
33119		38964		
19813				
52932				
		8518		
85850		158407		
				
54847		133335		
7925				
3449				
66221				
66221		169605		
				
40790		117721		
7511				
48301				
24268		40998		
5485				
29753				
		7549		
78054		166268		
				
14604	19374	95632		
13445	13319			
9232				
7760				
7022				
2898				
54961	32693			
8507	10417	57790		
11603	8793			
7431				
27541	19210			
		2176		
		2065		
		1470		
82502	51903	159133		
				
312627	51903	653413		
				
				
				
50903		160038		
601				
51504				
16466		96245		
15521				
6637				
312				
38936				
				
		594		
90440		279253		
				
				
64603		202374		
20745				
185				
85533				
24407		73785		
7996				
6103				
1007				
39513				
				
		775		
125046		287425		
				
69753		211748		
969				
70722				
15083		57424		
338				
15421				
		4009		
				
				
		1089		
86143		292757		
				
57970		181624		
1016				
58986				
45391		116534		
1255				
46646				
				
		482		
105632		310179		
				
42041		150944		
8106				
445				
50592				
				
31883		110332		
18595				
268				
50746				
				
				
		732		
101338		281088		
				
508599		1450702		
				
				
47565		131248		
60				
47625				
6995		27193		
19				
7014				
54639		158441		
				
82167		181141		
71				
82238				
3117		25397		
6				
3123				
85361		206538		
				
33475		113859		
279				
33754				
30153		73931		
355				
30508				
64262		187790		
				
35020		147090		
191				
35211				
24312		50250		
600				
24912				
60123		197340		
				
37564		115018		
416				
37980				
18172		65839		
15603				
335				
34110				
72090		180857		
				
24313		119643		
15				
24328				
27359		92901		
24				
27383				
51711		212544		
				
31020		145869		
37				
31057				
29444		89256		
29				
29473				
60530		235125		
				
22170		137731		
0				
22170				
18440		84767		
17623				
0				
36063				
58233		222498		
				
24465		110094		
16021				
5885				
153				
46524				
30938		63223		
802				
31740				
78264		173317		
				
32538		112851		
271				
32809				
22860		44737		
257				
23117				
		22734		
55926		180322		
				
29772		122464		
116				
29888				
28567		62228		
520				
29087				
58975		184692		
				
23291		127993		
177				
23468				
32971		87928		
15547				
204				
48722				
72190		215921		
				
24775		123601		
16723				
10130				
9386				
5				
61019				
10211		60549		
5312				
4				
15527				
76546		184150		
				
57039		148351		
10806				
8				
67853				
32				
32				
67885		148351		
				
20700		128285		
13				
20713				
403				
403				
21116		128285		
				
25611		101722		
318				
25929				
14386		74513		
8541				
40				
22967				
48896		176235		
				
47992		93680		
686				
48678				
9227		71371		
7000				
4465				
154				
20846				
69524		165051		
				
19575		166076		
111				
19686				
970				
970				
20656		166076		
				
		5670		
1076927		3329203		
				
38264		87060		
22467				
60731				
6528		58877		
2484				
9012				
		407		
		9		
69743		146353		
				
44600		105716		
44600				
14144		63844		
14144				
		338		
		6		
58744		169904		
				
128487		316257		
				
				
		8423		
		127815		
				
43687		121649		
9842				
53529				
6699		68719		
5663				
12362				
		282		
65891		194808		
				
4989		47181		
2501				
7490				
		87		
7490		164009		
				
		628		
		149049		
		82		
		175145		
				
37429		125747		
6101				
43530				
10377		44311		
5231				
15608				
		198		
59138		173432		
				
		115		
		171524		
				
132519		1155782		
				
				
				
		276319		
		276319		
				
				
73212		115533		
7582				
6663				
87457				
		9906		
		9869		
		4148		
		14		
87457		139470		
				
50532		120883		
33054				
83586				
12715		37612		
12715				
		4223		
		4033		
96301		166751		
				
46556		97344		
45082				
2				
91640				
23646		53983		
23646				
		4770		
115286		156097		
				
34793		84815		
34755				
4592				
1483				
938				
659				
284				
77504				
22859		51357		
22859				
		9246		
100363		145418		
				
40831		96148		
40831				
11415		55078		
9004				
5330				
4434				
30183				
		3050		
71014		154276		
				
67907		115231		
20664				
88571				
22347		37232		
22347				
		9634		
110918		162097		
				
64984		110534		
12202				
77186				
20266		42280		
4751				
25017				
		5093		
102203		157907		
				
68472		122255		
11823		4		
6339				
1				
86635				
9400		42433		
9014				
5547				
3105				
27066				
		4451		
		3452		
113701		172595		
				
45423		87376		
22336				
876				
68635				
18579		27173		
18579				
		766		
		752		
		483		
87214		116550		
				
884457		1371161		
				
				
57830		115084		
57830				
7240		33476		
7240				
65070		148560		
				
34863		101936		
34863				
5906		44462		
5906				
				
40769		150026		
				
31178		113404		
3004				
2435				
2086				
38703				
38703		138280		
				
18917	22271	115085		
29848	19899			
10601				
2812				
2290				
1252				
65720	42170			
65720	42170	115085		
				
41634		88998		
41634				
41634		104262		
				
32618		92334		
12272				
44890				
11727		55027		
11727				
56617		150996		
31065		90606		
31065				
4098		49478		
2491				
6589				
37654		143219		
				
42368		125066		
19687				
62055				
				
62055		140013		
				
13442		78109		
13442				
13442		86003		
				
38406		109726		
38406				
13915		60243		
13915				
52321		176460		
				
53272		107939		
19010				
72282				
72282		119574		
				
39907		113186		
39907				
9700		41757		
9700				
				
49607		158730		
				
45168		110842		
12330				
8723				
66221				
4842		16822		
4842				
71063		131451		
				
34131		90116		
34131				
9780		52545		
3699				
853				
14332				
48463		145698		
				
29916		48708		
29916				
7810		39016		
6407				
14217				
				
				
44133		90184		
				
24728		49338		
24728				
6239		21324		
6239				
30967		73105		
				
32770		85807		
32770				
10141		43049		
10141				
				
42911		132865		
				
14373		76097		
14373				
6527		26249		
6527				
		2362		
20900		106010		
				
39611		90160		
14498				
7429				
61538				
6476		21458		
6476				
		54		
68014		116818		
				
16275		66554		
16275				
				
16275		87964		
				
40441		135660		
22681				
3796				
66918				
				
				
66918		188996		
				
33167		100861		
33167				
3378		47844		
2973				
6351				
39518		151566		
				
10496	8699	57459		
10332	5930			
4796				
25624	14629			
26484		55037		
26484				
52108	14629	115429		
				
34265		93712		
34265				
8247		46548		
8247				
42512		144073		
				
43030		107120		
43030				
11691		64463		
3863				
15554				
58584		177883		
				
33909		116944		
6433				
698				
41040				
41040		141470		
				
31727		83342		
31727				
11585		44152		
11585				
43312		131047		
				
36821		62508		
36821				
36821		76136		
				
6244		41321		
6244				
6244		46143		
				
23756		93041		
10216				
33972				
		5598		
33972		105793		
				
30011		91607		
30011				
8036		45715		
8036				
38047		143028		
				
28981		96495		
16574				
45555				
10681		55325		
10681				
56236		156096		
				
13292		43769		
4798				
18090				
18090		50592		
				
26237		47503		
26237				
7427		30811		
7427				
				
33664		79877		
				
15399		60124		
15399				
9717		32040		
9717				
25116		96225		
				
17194	19301	101663		
12024	14069			
3556				
3506				
3388				
2648				
2325				
1574				
1470				
1444				
1288				
1116				
51533	33370			
6507		29543		
6507				
				
58040	33370	133842		
				
1588822	90169	4453499		
				
				
				
				
		4534		
		130034		
				
				
				
				
		3328		
		1734		
		117		
		146188		
				
				
				
		3192		
		2584		
		1513		
		280		
		142580		
				
				
				
		2032		
		147168		
				
		565970		
				
19248		123349		
224				
19472				
4340		59432		
4026				
3803				
719				
12888				
		2750		
142		2071		
6				
148				
		2024		
		1685		
90				
90				
		193		
32598		191504		
				
32598		191504		
				
				
4866		21224		
4134				
750				
1				
1				
1				
1				
1				
1				
9756				
		224		
9756		23412		
				
9756		23412		
				
13292		131861		
4159				
17451				
		5097		
		604		
17451		209621		
				
		324		
		173060		
				
		8205		
		147402		
				
		4427		
		257		
		200638		
				
				
		4298		
		2209		
		221		
		204945		
				
		22161		
		21447		
		2202		
		179708		
				
36105		148026		
28912				
65017				
		5086		
		325		
65017		243351		
				
		1236		
		241313		
				
17783		128102		
7095				
5262				
3264				
2613				
2117				
479				
126				
85				
42				
38866				
		5420		
		4409		
		963		
		372		
39090		203076		
				
		39412		
		5938		
		162815		
				
		3393		
		2442		
		946		
		258		
				
				
				
		3264		
		1739		
		226		
		187805		
				
135167		2376644		
				
				
59798		124151		
19407		101428		
18424				
11891				
5252				
2044				
1192				
118008		225579		
				
61150		122173		
36002		79518		
12844				
109996		201691		
				
58913		124796		
45788		78018		
15959				
120660		202814		
				
27326		77772		
33965		75307		
13062				
11061				
6863				
6744				
3270				
2107				
1496				
547				
178				
161				
106780		153079		
				
74416		135470		
41203		87772		
16382				
11811				
143812		223242		
				
82552		141265		
48268		83025		
4918				
4890				
140628		224290		
				
114039		203954		
13586		47921		
9707				
9371				
1665				
148368		251875		
				
66715		125741		
30759		73003		
9273				
106747		198744		
				
59489		118132		
25290		48662		
5434				
2737				
92950		166794		
				
51738		99279		
41416		82213		
4811				
2342				
100307		181492		
				
1188256		2029600		
				
27589		92491		
27589				
34764		52109		
34764				
		137		
62353		144737		
				
12678		72619		
7848				
6358				
3885				
2125				
1684				
621		9		
35199				
21646		67687		
14061				
35707				
		6250		
		3		
70906		154250		
				
14374		77713		
14374				
37176		62688		
18767				
55943				
70317		140401		
				
203576		439388		
				
				
40813		182316		
2450				
30				
43293				
25627		105552		
7318				
71				
33016				
4				
4				
		29		
		273		
76313		288170		
				
52517		224920		
216				
52733				
12464		103619		
20				
12484				
11				
11				
		308		
				
65228		328847		
28783		155368		
70				
28853				
13552		119540		
5630				
4704		128		
17				
23903				
12				
12				
		125		
52768		275161		
				
52413		179045		
21242				
257				
73912				
3386		68490		
855				
9				
4250				
19				
19				
		7002		
		355		
78181		254892		
				
43266		231160		
82				
43348				
21715		101190		
141				
21856				
8				
8				
		476		
65212		332826		
				
23247		169767		
23028				
15873				
2117				
30				
64295				
19714		122212		
49				
19763				
		6865		
12				
12				
		189		
84070		299033		
				
25707		169891		
3607				
20				
2		5		
29336				
18631		112949		
5256				
24				
23911				
		3686		
9				
9				
		30		
		42		
53256		286603		
				
33330		188553		
85				
33415				
18030		101345		
34				
18064				
12				
12				
		150		
51491		290048		
				
526519		2355580		
				
70918		113038		
22251				
274				
93443				
14209		37803		
190				
14399				
		7112		
		6749		
		398		
107842		165100		
107842		165100		
				
				
				
				
				
				
				
				
				
				
				
				
				
				
				
				
				
				
				
				
				
				
				
				
				
				
				
				
				
				
				
				
				
				
				
				
				
				
				
				
				
				
				
				
				
				
				
				
				
				
				
				
				
				
				
				
				
				
				
				
				
				
				
				
				
				
				
				
				
				
				
				
				
				
				
				
				
				
				
				
				
				
				
				
				
				
				
				
				
				
				
				
				
				
				
				
				
				
				
				
				
				
				
				
				
				
				
				
				
				
				
				
				
				
				
				
				
				
				
				
				
				
				
				
				
				
				
				
				
				
				
				
				
				
				
				
				
				
				
				
				
				
				
				
				
				
				
				
				
				
				
				
				
				
				
				
				
				
				
				
				
				
				
				
				
				
				
				
				
				
				
				
				
				
				
				
				
				
				
				
				
				
				
				
				
				
				
				
				
				
				
				
				
				
				
				
				
				
				
				
				
				
				
				
				
				
				
				
				
				
				
				
				
				
				
				
				
				
				
				
				
				
				
				
				
				
				
				
				
				
				
				
				
				
				
				
				
				
				
				
				
				
				
				
				
				
				
				
				
				
				
				
				
				
				
				
				
				
				
				
				
				
				
				
				
				
				
				
				
				
				
				
				
				
				
				
				
				
				
				
				
				
				
				
				
				
				
				
				
				
				
				
				
				
				
				
				
				
				
				
				
				
				
				
				
				
				
				
				
				
				
				
				
				
				
				
				
				
				
				
				
				
				
				
				
				
				
				
				
				
				
				
				
				
				
				
				
				
				
				
				
				
				
				
				
				
				
				
				
				
				
				
				
				
				
				
				
				
				
				
				
				
				
				
				
				
				
				
				
				
				
				
				
				
				
				
				
				
				
				
				
				
				
				
				
				
				
				
				
				
				
				
				
				
				
				
				
				
				
				
				
				
				
				
				
				
				
				
				
				
				
