GENERAL RESULTS			
1266546			
813479			
6788			
4991			
4310			
3705			
2099819			
193841			
123594			
3783			
1730			
1660			
1589			
326197			
1230111			
1034707			
12555			
11301			
3406			
1371			
16			
8			
2293475			
638017			
422310			
12882			
4776			
4023			
3470			
1139			
1086617			
8274473			
5011781			
108381			
67582			
40673			
38774			
17006			
3145			
49			
36			
13561900			
1288633			
1073629			
13352			
10898			
6233			
3051			
2822			
829			
598			
348			
336			
226			
158			
154			
110			
85			
2401462			
997772			
629428			
19162			
311			
90			
19			
15			
1646797			
255459			
152374			
2401			
1109			
626			
385			
58			
412412			
245800			
17367			
1138			
958			
590			
265853			
4282074			
4045624			
28124			
17218			
7915			
2887			
2550			
1516			
795			
533			
419			
405			
391			
293			
8390744			
2048759			
1844123			
28731			
1402			
1158			
250			
23			
20			
8			
6			
4			
2			
3924486			
325871			
120566			
3825			
1314			
1013			
979			
453568			
403012			
236440			
7175			
4747			
3658			
40			
39			
6			
3			
1			
1			
655122			
3419348			
2031179			
30948			
19642			
11838			
8256			
1149			
4			
3			
3			
1			
5522371			
1374039			
1345648			
29257			
1024			
909			
87			
51			
14			
12			
9			
2			
1			
1			
2751054			
828940			
682379			
8014			
6737			
4590			
4445			
1423			
292			
182			
121			
1537123			
699655			
514765			
10527			
6706			
4148			
35			
31			
2			
2			
1			
1235872			
1048462			
751985			
15378			
5989			
4694			
57			
27			
18			
7			
1			
1			
1			
1826620			
1148275			
782989			
9368			
9187			
6997			
2581			
735			
354			
275			
1960761			
421923			
295273			
10636			
2900			
251			
177			
3			
731163			
1629467			
959862			
14713			
9842			
9043			
4747			
3760			
103			
17			
12			
10			
8			
4			
2			
2			
1			
1			
1			
1			
2631596			
1904097			
1108854			
28841			
14483			
13189			
6550			
4971			
3080985			
2872579			
2048639			
33085			
23716			
14685			
8892			
129			
41			
5001766			
1573354			
1275409			
30152			
9496			
9174			
6787			
5174			
790			
22			
7			
3			
1			
2910369			
724597			
554662			
4011			
2551			
2529			
1034			
481			
1289865			
1445814			
1441911			
17813			
11386			
8201			
80			
2925205			
242763			
231667			
10638			
3686			
1355			
143			
23			
12			
10			
3			
1			
1			
490302			
452979			
333319			
5406			
2972			
2837			
2740			
1028			
801281			
533736			
412827			
6267			
6150			
4263			
3194			
1411			
967848			
384826			
316534			
3503			
2217			
1124			
1092			
673			
531			
226			
112			
61			
40			
18			
13			
710970			
2215422			
1613207			
21298			
8441			
3956			
3636			
699			
639			
523			
416			
3868237			
472422			
346832			
5327			
2428			
1597			
1552			
830158			
4804945			
4645332			
2752771			
2418323			
170475			
163973			
159613			
41249			
19596			
12801			
3615			
1639			
634			
35			
18			
10			
3			
1			
1			
3613			
7640931			
2142651			
2128474			
25722			
12298			
1448			
158			
38			
4310789			
168601			
141278			
4189			
1354			
1199			
316621			
2940044			
2677820			
42337			
19917			
12565			
8518			
3905			
2735			
212			
160			
71			
63			
2			
1			
5708350			
960165			
502496			
1462661			
1037291			
738475			
18614			
13613			
7693			
7635			
4543			
1827864			
3276363			
2655885			
42977			
19912			
8180			
5014			
3849			
1092			
6013272			
296571			
165391			
4829			
1382			
797			
675			
667			
655			
472			
122			
43			
34			
25			
15			
14			
11			
11			
8			
7			
6			
6			
5			
5			
5			
5			
5			
471766			
1034896			
862449			
7283			
6827			
5053			
4461			
1920969			
203054			
170924			
4267			
1895			
1835			
381975			
1479178			
1087437			
11560			
8547			
8191			
2499			
1326			
1011			
2599749			
4479328			
3528633			
56116			
5751			
5708			
895			
909			
216			
135			
104			
8077795			
596030			
327670			
12012			
8416			
6966			
982			
262			
25			
3			
2			
1			
1			
952370			
219262			
98974			
3339			
1398			
1067			
500			
150			
149			
141			
66			
325046			
1959532			
1725005			
11483			
11067			
7474			
6355			
2344			
3723260			
1750848			
1229216			
29489			
12728			
9432			
3819			
705			
641			
3036878			
397466			
303857			
7219			
2465			
2355			
59			
18			
4			
3			
3			
1			
1			
713451			
1677211			
1262393			
17605			
8858			
6521			
5072			
4216			
764			
540			
237			
2983417			
164958			
82868			
2525			
1594			
1521			
1192			
254658			
7848972			
			
			
			
			
			
			
			
			
			
			
			
			
			
			
			
			
			
			
			
			
			
			
			
			
			
			
			
			
			
			
			
			
			
			
			
			
			
			
			
			
			
			
			
			
			
			
			
			
			
			
			
			
			
			
			
			
			
			
			
			
			
			
			
			
			
			
			
			
			
			
			
			
			
			
			
			
			
			
			
			
			
			
			
			
			
			
			
			
			
			
			
			
			
			
			
			
			
			
			
			
			
			
			
			
			
			
			
			
			
			
			
			
			
			
			
			
			
			
			
			
			
			
			
			
			
			
			
			
			
			
			
			
			
			
			
			
			
			
			
			
			
			
			
			
			
			
			
			
			
			
			
			
			
			
			
			
			
			
			
			
			
			
			
			
			
			
			
			
			
			
			
			
			
			
			
			
			
			
			
			
			
			
			
			
			
			
			
			
			
			
			
			
			
			
			
			
			
			
			
			
			
			
			
			
			
			
			
			
			
			
			
			
			
			
			
			
			
			
			
			
			
			
			
			
			
			
			
			
			
			
			
			
			
			
			
			
			
			
			
			
			
			
			
			
			
			
			
			
			
			
			
			
			
			
			
			
			
			
			
			
			
			
			
			
			
			
			
			
			
			
			
			
			
			
			
			
			
			
			
			
			
			
			
			
			
			
			
			
			
			
			
			
			
			
			
			
			
			
			
			
			
			
			
			
			
			
			
			
			
			
			
			
			
			
			
			
			
			
			
			
			
			
			
			
			
			
			
			
			
			
			
			
			
			
			
			
			
			
			
			
			
			
			
			
			
			
			
			
			
			
			
			
			
			
			
			
			
			
			
			
			
			
			
			
			
			
			
			
			
			
			
			
			
			
			
			
			
			
			
			
			
			
			
			
			
			
			
			
			
			
			
			
			
			
			
			
			
			
			
			
			
			
			
			
			
			
			
			
			
			
			
			
			
			
			
			
			
			
			
			
			
			
			
			
			
			
			
			
			
			
			
			
			
			
			
			
			
			
			
			
			
			
			
			
			
			
			
			
			
			
			
			
			
			
			
			
			
			
			
			
			
			
			
			
			
			
			
			
			
			
			
			
			
			
			
			
			
			
			
			
			
			
			
			
			
			
			
			
			
			
			
			
			
			
			
			
			
			
			
			
			
			
			
			
			
			
			
			
			
			
			
			
			
			
			
			
			
			
			
			
			
			
			
			
			
			
			
			
			
			
			
			
			
			
			
			
			
			
			
			
			
			
			
			
			
			
			
			
			
			
			
			
			
			
			
			
			
			
			
			
			
			
			
			
			
			
			
			
			
			
			
			
			
			
			
			
			
			
			
			
			
			
			
			
			
			
			
			
			
			
			
			
			
			
			
			
			
			
			
			
			
			
			
			
			
			
			
			
			
			
			
			
			
			
			
			
			
			
			
			
			
			
			
			
			
			
			
			
			
			
			
			
			
			
			
			
			
			
			
			
			
			
			
			
			
			
			
			
			
			
			
			
			
			
			
			
			
			
			
			
			
			
			
			
			
			
			
			
			
			
			
			
			
			
			
			
			
			
			
			
			
			
			
			
			
			
			
			
			
			
			
			
			
			
			
			
			
			
			
			
			
			
			
			
			
			
			
			
			
			
			
			
			
			
			
			
			
			
			
			
			
			
			
			
			
			
			
			
			
			
			
			
			
			
			
			
			
			
			
			
			
			
			
			
			
			
			
			
			
			
			
			
			
			
			
			
			
			
			
			
			
			
			
			
			
			
			
			
			
			
			
			
			
			
			
			
			
			
			
			
			
			
			
			
			
			
			
			
			
			
			
			
			
			
			
			
			
			
			
			
			
			
			
			
			
			
			
			
			
			
			
			
			
			
			
			
			
			
			
			
			
			
			
			
			
			
			
			
			
			
			
			
			
			
			
			
			
			
			
			
			
			
			
			
			
			
			
			
			
			
			
			
			
			
			
			
			
			
			
			
			
			
			
			
			
			
			
			
			
			
			
			
			
			
			
			
			
			
			
			
			
			
			
			
			
			
			
			
			
			
			
			
			
			
			
			
			
			
			
			
			
			
			
			
			
			
			
			
			
			
			
			
			
			
			
			
			
			
			
			
			
			
			
			
			
			
			
			
			
			
			
			
			
			
			
			
			
			
			
			
			
			
			
			
			
			
			
			
			
			
			
			
			
			
			
			
			
			
			
			
			
			
			
			
			
			
			
			
			
			
			
			
			
			
			
			
			
			
			
			
			
			
			
			
			
			
			
			
			
			
			
			
			
			
			
			
			
			
			
			
			
			
			
			
			
			
			
			
			
			
			
			
			
			
			
			
			
			
			
			
			
			
			
			
			
			
			
			
			
			
			
			
			
			
			
			
			
			
			
			
			
			
			
			
			
			
			
			
			
			
			
			
			
			
			
			
			
			
			
			
			
			
			
