PRIMARY	RUNOFF	GENERAL
		127
		165841
36058		54450
15016		
51074		
		167
51074		178919
		3414
		71
		165301
		206
		183072
		2540
		145555
		2786
		166300
93586		133870
9358		
102944		
		1294
102944		135164
154018		1140152
81089		132743
81089		
19421		93879
16529		
2482		
2141		
40573		
3176		4029
687		
3863		
3620		1819
3620		
		1615
		560
129145		234645
129145		234645
		11033
		11033
297636		814398
155		
297791		
214455		664141
214455		
3311		48231
3311		
		7
		5
515557		1526782
37664		105646
37664		
20273		88691
7062		
5927		
3635		
1512		
38409		
606		9802
606		
76679		204139
51386		135150
51386		
11521		89671
8462		
4667		
24650		
494		5734
		5
494		
76530		230560
35763		112519
35763		
7902		72586
7759		
12		
15673		
322		4744
322		
51758		189849
14833		56464
14833		
7175		18627
7175		
12		2770
12		
22020		77861
20852		101838
20852		
38275		93815
38275		
387		6357
387		
59514		202010
43199		152201
43199		
19		51285
19		
43218		203486
26604		80354
26604		
10022		46498
6565		
16587		
13		4673
13		
43204		131525
33375		137655
19148		
3687		
2855		
1768		
576		
61409		
27063		106790
24119		
8095		
2724		
2075		
64076		
516		4849
516		
		4408
		7
		7
		4
126001		253720
498924		1493150
		184188
12460		81432
3658		
16118		
16118		206303
		200924
		171596
16118		763011
2176888		5076289
199180		
127301		
2503369		
1560472		2990822
1560472		
12821		147074
10318		
4649		160
27788		
16742		133851
16742		
4109		117764
4109		
30787		75350
30787		
		108
		47
		11
4143267		8541476
79138		144409
79138		
41953		63194
41953		
2952		6899
2952		
168		3503
168		
		39
124211		218044
69669		134911
69669		
23663		68234
19311		
43		
43017		
570		7057
570		
113256		210202
56968		135709
56968		
42980		86318
42980		
465		3772
465		
83		2370
83		
100496		228169
63731		135818
31162		
94893		
26241		126999
19038		
11405		
56684		
672		14076
672		
152249		276893
52951		105676
52951		
19005		35106
19005		
720		6466
720		
186		2018
186		
72862		149266
72058		173190
36845		
11		
108914		
19448		64405
14445		5
33893		
659		9028
659		
143466		246628
57308		118000
57308		
333		22486
333		
57641		140486
77976		148435
77976		
7260		19800
2319		
9579		
2647		13653
2647		
381		2751
381		
90583		184639
97874		167245
97874		
9350		20786
9350		
318		5655
318		
107542		193686
60669		130859
60669		
33198		66069
33198		
		50
93867		196978
23598		109868
12744		
8390		
44732		
35493		96396
18132		
3263		
56888		
1		
1		
101621		206264
61510		138650
6973		
5401		
73884		
8068		43674
7098		
4002		
19168		
30		
30		
93082		182324
54654		110756
54654		
15788		37141
15788		
70442		147897
65255		141153
65255		
28011		48097
28011		
676		4692
676		
1134		4633
1134		
95076		198575
49400		115532
49400		
23693		44186
23693		
73093		159718
46286		98929
46286		
19886		37130
19886		
66172		136059
54998		120750
54998		
23703		35932
23703		
		2611
78701		159293
31088		71182
31088		
19851		37531
19851		
50939		108713
54722		110246
54722		
35278		71748
35278		
90000		181994
24356		61120
24356		
472		
472		
24828		61120
43364		95214
43364		
24927		42718
24927		
239		4729
239		
68530		142661
63399		133278
5995		
4637		
74031		
31966		55226
31966		
105997		188504
53503		114661
53503		
21444		61272
14512		
35956		
		18
89459		175951
51923		129812
12903		
64826		
36619		79461
36619		
		16
		3
101445		209292
36291		93987
36291		
23203		55913
23203		
316		6873
316		
59810		156773
29569		102028
12186		
3826		
45581		
14380		67878
11498		
4695		
30573		
305		5887
305		
451		3351
451		
76910		179144
35563		92650
35563		
17065		42074
17065		
52628		134724
31048		79866
7547		
38595		
8632		20629
8632		
190		3868
190		
163		3679
163		
47580		108042
33750		91014
7102		
40852		
19281		39321
19281		
423		8197
423		
64		2599
64		
215		2258
215		
		15
60835		143404
59955		151284
59955		
20660		55904
20660		
64		4546
64		
80679		211734
26904		64952
3227		
30131		
30131		64952
30355		76059
30355		
98		15627
98		
30453		91686
47461		113715
4774		
52235		
52235		113715
22173		57459
22173		
5927		17359
5927		
		1
28100		74819
34338		82498
5538		
39876		
237		8343
237		
66		7665
12		
78		
40191		98506
30333		105323
18227		
48560		
23881		53068
23881		
92		4592
92		
307		3170
307		
72840		166153
28480		80716
9094		
37574		
141		17246
141		
37715		97962
31123		75181
31123		
8427		24620
8427		
39550		99801
23893		72149
5083		
1738		
30714		
12870		37384
12870		
43584		109533
44038		100995
44038		
13229		46418
12116		
25345		
346		3876
346		
69729		151289
45119		109761
45119		
26466		54235
26466		
		48
71585		164044
43813		129720
43813		
273		
273		
44086		129720
20959		52791
20959		
10119		29069
10119		
31078		81860
35444		89555
35444		
23592		55275
23592		
54		4486
54		
59090		149316
42080		99638
183		
42263		
22776		64613
10679		
33455		
75718		164251
53239		116176
53239		
31292		71573
31292		
454		7303
454		
84985		195052
19179		47134
19179		
9473		28485
6453		
1175		
17101		
36280		75619
55483		120130
55483		
27812		74647
27812		
481		5750
481		
83776		200527
47693		98831
47693		
24004		52227
24004		
393		4952
393		
		127
72090		156137
41545		118018
10617		
9952		
4788		
3689		
1866		
1425		
1081		
973		
960		
76896		
52039		96612
5881		
57920		
590		4119
590		
75		3353
75		
135481		222102
23312		78114
19364		
2862		
45538		
13942		34931
8558		
22500		
158		2790
158		
		4
68196		115839
60772		123696
60772		
12386		61208
6214		
5063		
4805		
3535		
32003		
486		6465
486		
93261		191369
41231		97541
41231		
14651		43312
9304		
23955		
437		3534
437		
65623		144387
3909777		8295816
26000		129446
26000		
		32825
26000		162271
23725		157850
23725		
15396		65481
15396		
		5025
		2951
39121		231307
21871		146488
21871		
28482		86930
28482		
		4417
		23
50353		237858
32205		109732
32205		
16398		103748
16398		
		27133
48603		240613
15126		123264
14234		
9735		
7213		
6474		
3310		
56092		
10238		83431
10238		
		41
		12
		8
66330		206756
44039		158806
44039		
18673		108007
18673		
		4093
		25
62712		270931
15598		103918
11047		
2625		
29270		
20535		79571
20535		
		3073
		2605
		2
		2
		1
49805		189172
342924		1538908
136490		564095
146404		450844
282894		
		109198
		5922
		4638
		80
		3
282894		1134780
		154539
1998		53010
1148		
3146		
		43
3146		207592
		121248
		121165
		242413
		150436
		44386
		3089
		197911
		106510
		99450
		3058
		1
		209019
		117186
		94824
		5794
		217804
3146		1074739
6110		69734
5771		
2505		11127
14386		
		2671
14386		254099
9515		97565
6253		
15768		
		5769
		4463
15768		251694
15768		251694
95419		111726
6681		
687		
102787		
616		
616		
230		
230		
		3051
103633		114777
103633		114777
474871		1826127
287741		
146712		
51330		
960654		
		24880
		19695
		16628
		15562
		78
		16
960654		4793534
		198126
		
		
		16
		203479
20521		108959
16393		
5141		
42055		
42055		271380
		228129
		237240
30707		95258
11661		
42368		
12728		82526
9691		
4250		
26669		
		2640
		17
		3
69037		180444
40603		123016
8915		
49518		
		19
49518		220013
		7
		199445
21310		97470
13474		
1721		
1653		
1336		
39494		
		13
		5
39494		139942
		34976
		20636
		180064
20918		119309
15804		
15535		
6465		
5972		
64694		
23768		118940
14699		
38467		
103161		238249
		3
		1
		235539
14965		97834
12520		
27485		
27485		223799
		6526
		233773
32426		90663
3850		
36276		
		23
36276		90686
		2
		128132
		
		
		112306
		4254
		213605
		
15464		89863
9816		
25280		
25280		213658
		103933
392306		3851942
27043		94961
27043		
20722		43668
20722		
47765		138629
46059		88662
46059		
11755		41967
11755		
57814		130629
39572		130428
39572		
24197		62371
24197		
63769		192799
27529	41281	106352
29216	28915	
5253		
61998	70196	
8832		34778
8832		
		64
70830	70196	141194
49993		122380
49993		
		48
49993		122428
47921		144958
10322		
58243		
15989		55294
15989		
74232		200252
40940		130561
40940		
15987		53553
15987		
56927		184114
33133		80660
33133		
25065		78908
5684		
30749		
63882		159568
47682		128685
47682		
10354		39240
4618		
14972		
		1
62654		167926
30845		117721
30845		
23110		57032
23110		
53955		174753
30291		118524
30291		
18881		48261
18881		
		3
49172		166788
26257		71651
26257		
14540		70787
14540		
40797		142438
29179		103019
14157		
43336		
13712		45770
13712		
57048		148789
748838	70196	2070307
20194		32677
269		
20463		
246		
246		
		1201
20709		33878
20709		33878
129158		210330
107163		
236321		
10139		
6057		
3146		
2299		
1601		
1482		
24724		
211		6415
211		
168		
168		
261424		342842
82169		112904
21667		
103836		
5652		49890
4180		
9832		
113668		162794
24487		106906
23643		
16001		
12649		
10730		
8254		
8030		
4479		
2688		
1174		
112135		
8420		68244
8226		
16646		
101		
101		
128882		175150
242550		337944
18985		115843
13624		
13472		
13186		
7976		
6289		
73532		
10885		103935
3671		
14556		
		6857
		2882
		2457
88088		231974
58955		132262
58955		
13300		73441
13300		
		5113
		2516
72255		213332
160343		445306
81593		146623
18427		
100020		
6494		27804
6494		
106514		174427
90659		146347
90659		
3829		20395
2729		
6558		
12		5748
12		
97229		172490
44401		127768
20918		
16231		
81550		
12603		37954
5242		
2		
17847		
99397		165722
36915		69910
36915		
3102		11532
3102		
40017		81442
53727		114319
6050		
4876		
64653		
9567		32250
9567		
		12
74220		146581
50794		91382
50794		
14283		86572
13159		
5133		
32575		
		3
83369		177957
77287		143071
6646		
2921		
86854		
6586		21939
6586		
		1
93440		165011
23375		93355
23375		
25085		80720
19370		
9169		
2630		
1275		
921		
58450		
		9312
		7
81825		183394
57490		122852
57490		
13482		41858
2385		3
15867		
73357		164713
36115		107929
13		
36128		
23462		94278
9694		
33156		
		1
69284		202208
45954		109009
45954		
29436		88846
29436		
		1
75390		197856
45600		157802
4991		
50591		
		7
50591		157809
52900		119720
13564		
66464		
17919		85507
13789		
31708		
		7
98172		205234
69198		117870
69198		
15022		79274
7809		
22831		
92029		197144
55833		116810
55833		
17571		86025
17571		
73404		202835
60440		125951
60440		
27749		63627
27749		
		8523
88189		198101
38780		
38780		
13287		86161
12962		
5241		
31490		
70270		201186
49400		150194
49400		
21798		73052
21798		
71198		223246
42588		143491
74		
42662		
20555		92861
12835		
33390		
76052		236352
1513953		3453708
393960		1171553
393960		
		444
		294
393960		1341111
55144		104195
55144		
8416		40146
4761		
3576		
2457		
19210		
		5266
74354		149607
30589		103561
6280		
36869		
25139		88300
10716		
35855		
72724		191861
39449		95421
15845		
55294		
12556		80357
2494		
1979		
1881		
18910		
74204		175778
50695		111057
18799		
69494		
7522		66986
3828		
3433		
14783		
84277		178043
7039		64362
4742		
4590		
1953		
18324		
61150		133118
6869		
4822		
72841		
		18
91165		204929
52188		115266
8406		
60594		
23525		76812
10324		
33849		
94443		192078
29503		74750
4052		
1690		
730		
306		
36281		
11336		64304
4516		
3834		
1273		
20959		
57240		139054
45765		131019
45765		
32018		83704
32018		
77783		214723
53883		110454
9415		
2501		
2267		
68066		
30273		100469
7363		
		33
37636		
105702		220849
731892		1666922
10489		114322
9971		
7453		
1161		
23		
29097		
10977		89729
8483		
3172		
22		
22654		
		2201
		1226
		143
51751		207621
501		107683
936		
1437		
8430		101707
88		
8518		
		196
9955		209586
31602		115769
391		
31993		
8713		103722
50		
8763		
		3591
		205
40756		223287
14899		121650
45		
14944		
20597		90982
77		
20674		
		98
35618		212730
21512		105580
101		
21613		
8874		64181
5286		
28		
14188		
		8159
		2479
		65
35801		180464
173881		1033688
60840		156728
60840		
14109		39781
14109		
		2869
74949		199378
21335		114139
21335		
41941		106329
41941		
		5094
63276		225562
19492		153105
19492		
21716		79824
13602		
3610		
2888		
41816		
		4051
61308		236980
36844		116386
36844		
4382		62166
4348		
3848		
3317		
15895		
		4655
52739		183207
252272		845127
80594		83865
16320		
7668		
104582		
104582		207483
49067		95415
18470		
67537		
67537		213963
30962		122489
18662		
4582		
3322		
57528		
		2134
		774
57528		241965
		10100
		204767
47362		52367
19928		
67290		
67290		199568
		27015
		185780
296937		1253526
		148128
		94026
		136331
		134272
		114582
		114306
		160853
58979		402598
673		
59652		
22582		111984
22019		
44601		
		29220
		179
104253		543981
26801		170949
26801		
28172		88009
28172		
		22029
54973		280987
23242		179732
23242		
24139		75146
24139		
47381		254878
102354		535865
257545		965477
238957		
30737		
10997		
7773		
6919		
5081		
4949		
3950		
3908		
3486		
3459		
2305		
2208		
2039		
1848		
1832		
1702		
589695		
190790		787182
6280		
4110		
4063		
3946		
2565		
2335		
2298		
2114		
902		
219403		
		796
		120
809098		1781139
47165		185177
47165		
22021		83738
16848		
11737		
50606		
		232
97771		269147
56450		135818
12118		
68568		
6858		60195
6437		
3551		
16846		
		215
85414		196228
26954		150142
21481		
18008		
7561		
4084		
3774		
2202		
390		
84454		
8969		79174
7886		
1921		
1596		
1322		
939		
579		
462		
23674		
		229
108128		234486
40857		141897
38126		
3200		
82183		
6407		32792
6407		
		1214
88590		175903
67698		168114
67698		
		1110
		635
67698		203323
45474		141200
11889		
57363		
22903		92030
15780		
38683		
		128
96046		239453
73335		158830
73335		
		3147
73335		161977
73544		168872
6989		
80533		
5980		48324
4201		
2990		
13171		
		191
93704		220685
710686		1701202
729137		1500738
10149		
739286		
35595		661532
34262		
550		
70407		
		3220
809693		2165490
63875		158057
211		
64086		
135		
135		
		48574
		253
64221		206884
60953		164939
446		
61399		
395		
395		
		2254
61794		167193
64756		166973
370		
65126		
222		
222		
		1983
65348		168956
80066		176513
373		
80439		
300		
145		
445		
		2730
80884		179243
62052		159120
422		
62474		
753		
753		
		3152
63227		162272
71530		168056
884		
72414		
6051		72997
80		
6131		
		572
78545		241625
80901		171902
560		
81461		
350		
350		
		2889
81811		174791
56482		125515
645		
57127		
201		
201		
		12449
		491
57328		138455
75323		169420
22048		
287		
97658		
4409		47114
52		
4461		
		502
102119		217036
82020		171812
450		
82470		
13542		78439
255		
13797		
		16808
		143
96267		267202
751399		1923657
513438		2151278
18		
513456		
360409		1559597
235072		
595481		
		24
1108937		3780142
44869		180448
44869		
31512		72753
31512		
76381		259927
48946		183006
48946		
21350		86950
21350		
70296		275394
51401		171212
51401		
11797		93846
11287		
23084		
74485		271352
50841		160041
50841		
32186		100260
32186		
83027		264245
55412		176171
55412		
22832		60967
22832		
78244		241691
40425		142125
40425		
21586		88978
21586		
62011		234583
33245		122348
29330		
62575		
10402		112665
3447		
3003		
2901		
19753		
		2614
82328		245026
41839		157237
7784		
49623		
30897		122107
30897		
		2362
80520		284471
46713		142390
20211		
66924		
26022		127620
26022		
		2468
92946		276180
52433		179072
52433		
8349		84689
7657		
5686		
2910		
24602		
77035		270421
40241		143658
40241		
26484		114248
26484		
66725		265784
40264		168494
40264		
23178		62689
23178		
		1862
63442		240115
30367		126308
30367		
		15
30367		126323
47579		158755
2		
47581		
7372		27367
7372		
54953		186122
38769		181946
38769		
		1
842		
842		
39611		206868
1032371		3648502
294671		1278849
23872		
318543		
147091		835653
10025		
5941		
163057		
5520		71194
2600		
2575		
10695		
		10714
		5408
		901
		29
		15
		5
		4
492295		2202772
26475		141556
26475		
24725		126486
3600		
28325		
		375
		4
54800		268421
		126
		290540
17579		184333
17579		
19259		99588
2911		
2894		
25064		
		323
42643		284244
37397		172096
37397		
8802		74797
4908		
13710		
		572
		1
51107		247466
29003		136060
21857		
14454		
3795		
470		
448		
347		
70374		
7352		52263
7352		
1086		51456
1086		
		4792
		334
78812		244905
		239
		302188
33732		179164
5476		
39208		
20475		74557
20475		
		3303
		170
59683		257194
		5508
		155
		284016
287045		2178974
46185	19477	213000
23175	10490	
20815		
14629		
42		
104846	29967	
		9522
104846	29967	610921
4159	5063	49174
2788	2446	
2514		
1740		
11201	7509	
11201	7509	144272
58941		100160
31906		
743		
91590		
91590		155832
		161480
6761		110996
8		
6769		
6769		139113
109560	7509	600697
282767		1055255
67173		
349940		
289573		1006941
13189		
11705		
6415		
4900		
325782		
1693		47792
1693		
		18383
		72
		16
677415		2128459
33358		141574
33358		
6822		47893
1388		
1206		
9416		
117		4768
117		
42891		194235
41464		176452
5597		
47061		
6973		105242
6327		
5646		
4576		
23522		
215		5923
215		
70798		287617
37200		145219
11517		
48717		
11890		70189
11890		
195		4213
195		
		1827
60802		221448
36799		159303
36799		
22233		69254
12114		
5781		
4605		
44733		
170		4479
170		
		2459
		30
81702		235525
38734		136149
38734		
14186		68456
14186		
189		7314
189		
53109		211919
33129		150882
33129		
29473		87477
29473		
167		4757
167		
		1679
62769		244795
47758		160942
5197		
4294		
2498		
59747		
6896		72592
4370		
3772		
15038		
224		7566
224		
		23
75009		241123
43527		156164
43527		
15279		57557
13305		
10053		
38637		
155		4268
155		
82319		217989
36026		149114
36026		
38426		87145
38426		
247		3925
247		
		2487
74699		242671
604098		2097322
65757		199845
38394		
1636		
1471		
940		
108198		
70434		196283
21754		
4082		
1203		
97473		
		10377
205671		406505
91836		239124
91836		
66364		158916
26990		
93354		
		8085
		9
185190		406134
185190		406134
91592		378388
91592		
909		
909		
127795		213928
95101		
42954		
265850		
1848		
1395		
861		
4104		
362455		592316
78960		121015
78960		
2228		
2228		
22818		86360
9332		
32150		
520		
196		
716		
114054		207375
52807		99475
10329		
63136		
83		
51		
134		
21321		82504
21321		
31		
31		
84622		181979
42010		113687
30349		
28844		
2912		
2001		
106116		
380		
208		
152		
22		
19		
781		
23777		93046
23777		
152		
152		
130826		206733
329502		596087
127023		322501
6649		
6754		
140426		
92270		238796
14425		
11147		
117842		
		8232
		7774
		5269
258268		582572
29655		85025
3267		
32922		
10615		40917
7907		
2193		
20715		
53637		131124
24770		117168
24349		
17317		
1835		
721		
68992		
68992		232724
22118		98261
6005		
4832		
3885		
1578		
38418		
38418		210979
161047		574827
12497		100691
7944		
1125		
1021		
422		
80		
57		
4		
23150		
20329		95527
3128		
74		
72		
58		
10		
1		
1		
23673		
		159
46823		196377
18002		108743
134		
111		
25		
6		
18278		
18068		94088
3239		
2557		
93		
46		
24003		
		3305
		156
42281		206292
89104		402669
159604		1200843
30340		
189944		
129794		997775
41828		
171622		
		14637
		11593
		7918
		5138
		6243
		2490
		3433
361566		2250070
18418		140110
18418		
18418		140110
14440		111245
14440		
8268		64279
1703		
9971		
		3071
		992
		385
		603
24411		180575
16228		122559
16228		
9960		86113
9960		
		1179
26188		209851
16109		124482
16109		
8368		62905
8368		
		1539
		614
24477		189540
23760		112142
3747		
27507		
6857		89503
3484		
10341		
		2597
37848		204242
10934		98615
10934		
5309		43539
5309		
		1619
16243		143773
16423		98399
16423		
8631		95454
8631		
		3176
		2046
25054		199075
11083		97568
11083		
3982		39053
3982		
		1018
15065		137639
18513		105853
18513		
6169		40879
6169		
		1363
24682		148095
22361		90264
22361		
22361		90264
26461		126085
26461		
8235		74414
8235		
		1730
		842
34696		203071
13315		125468
13315		
9383		65509
9383		
22698		190977
24661		77238
9486		
34147		
2769		19284
2769		
		1049
		998
		586
		475
36916		99630
329057		2136842
24216		75403
2647		
26863		
		2592
26863		77995
115198		394365
115198		
29592		163826
18312		
10070		
57974		
		359
173172		558550
17035		105986
17035		
30732		105125
30732		
47767		211111
22086		92620
22086		
23655		63119
23655		
		135
45741		155874
50472		144880
50472		
15654		49219
15654		
66126		194099
159634		561084
640955		2698931
124999		
765954		
114914		1212902
74108		
189022		
		55469
		20996
		6004
		6967
954976		4490053
		167688
		149488
11077		86918
2110		
13187		
13187		181630
		156911
		77190
		69405
		76217
		127622
		71762
19469		72171
15345		
6237		
1		
1		
1		
1		
1		
1		
1		
1		
41059		
41059		78307
15711		75520
13928		
11685		
9971		
1		
51296		
		12814
		671
		996
51296		98102
		70029
241		3667
163		
1		
1		
406		
406		104465
		141551
		110508
		58883
26564		4900
5430		
31994		
31994		122456
3239		5978
2908		
6147		
6147		175706
11231		100119
6110		
3568		
1799		
22708		
22708		195478
		235722
26246		139997
4341		
30587		
30587		214356
		121683
		169099
		2134
		203324
50		6503
16		
66		
66		217633
659		9187
346		
1005		
1005		210171
		176641
		147230
		206121
198455		4135378
		82510
		129264
		144977
39637		127340
2768		
1886		
44291		
44291		195939
8207		72061
4982		
3321		
1859		
18369		
18369		168199
		153094
		139820
13109		60597
4456		
4137		
2822		
24524		
24524		121523
		159643
		152393
29921		124972
10180		
40101		
27413		107342
6746		
34159		
74260		232314
		106472
6065		56120
2417		
1187		
9669		
9669		154660
171113		1940808
58231		150146
58231		
40647		64417
40647		
		2194
		1395
98878		218152
57316		142934
57316		
40172		74687
40172		
97488		217621
97488		217621
583776		2257369
163628		
747404		
565580		1761037
114186		
108978		
788744		
1536148		4019236
31342		105680
31342		
17344		96584
17344		
48686		202264
33938		120112
30297		
4433		
2526		
71194		
10455		117595
6535		
6376		
3668		
1489		
28523		
		298
		76
99717		238081
35511		127978
35511		
12363		
5093		
4626		
22082		
57593		218628
38017		129958
22504		
8460		
2596		
2358		
1239		
75174		
26591		86678
26591		
101765		216636
54168		129813
54168		
28373		98544
28373		
82541		228357
43687		135628
14900		
7459		
66046		
18519		82848
8708		
7606		
4315		
39148		
105194		218476
49808		137899
49808		
20648		89579
20648		
70456		227478
43713		136863
43713		
15277		77640
15277		
58990		214503
44234		153880
44234		
8625		55119
6503		
6347		
21475		
65709		208999
51485		138393
15890		
67375		
15270		69996
8166		
23436		
90811		208389
55319		146799
55319		
7556		29125
7556		
62875		175924
76457		145943
76457		
19387		108746
13815		
6563		
4986		
44751		
121208		254689
21268		135639
16915		
14837		
9891		
3537		
1030		
949		
495		
68922		
12088		85922
7079		
6536		
4261		
2306		
32270		
101192		221561
38137		144069
38137		
15401		97753
11313		
9534		
36248		
		8500
74385		250322
44020		110714
44020		
27895		109659
27895		
		194
71915		220567
32526		137167
23170		
55696		
20508		97955
19897		
40405		
96101		235122
71532		170369
71532		
249		41925
249		
71781		212294
18251		129646
12071		
11340		
5514		
47176		
34515		
15918		
50433		
97609		208905
1478528		3961195
5946		
2224		
8170		
8170		
9523		
2113		
1448		
781		
500		
14365		
14365		
38279		116920
5826		
1895		
46000		
		10085
46000		183729
9941		45861
3829		
13770		
13770		168208
24177		61749
11249		
9833		
45259		
45259		189791
		183041
16691	26748	108936
11718	15669	
9139		
4870		
4493		
1376		
48287	42417	
24660		67293
14455		
39115		
		4196
87402	42417	180425
192431	42417	905194
55188		169409
4795		
1595		
1582		
234		
63394		
36565		90904
772		
37337		
		447
100731		269627
70519		181529
7401		
248		
78168		
18982		82484
11230		
6438		
4275		
993		
41918		
		513
120086		271719
63350		186380
6338		
146		
69834		
353		59529
1606		
1959		
		698
71793		253610
66432		180607
596		
67028		
47560		109105
9757		
649		
57966		
		532
124994		290244
54649		146973
606		
55255		
46051		116424
627		
46678		
		483
101933		272234
519537		1357434
629271		2392984
66364		
48113		
1114		
744862		
561952		1684778
3631		
565583		
		3281
1310445		4081043
29990		137987
29990		
		12
29990		137999
41566		165867
41566		
3159		17291
3159		
		4125
44725		187283
36189		108525
146		
36335		
35001		85110
264		
35265		
		8706
		177
71600		202518
32322		131847
26596		
148		
59066		
34559		122049
302		
34861		
		188
93927		254084
44827		115126
149		
44976		
28715		76456
228		
28943		
		145
73919		191727
30088		121047
30088		
22242		117892
6961		
29203		
59291		238939
17616		147898
17616		
35604		114426
35604		
		110
53220		262434
17889		125656
9812		
8		
27709		
22862		124138
23		
22885		
		23
50594		249817
54954		121069
369		
55323		
1935		79610
525		
2460		
		141
57783		200820
26300		110115
211		
26511		
31434		97862
24396		
125		
55955		
		196
82466		208173
50117		134340
23		
50140		
18910		51033
28		
18938		
		40
69078		185413
60376		123472
312		
60688		
21619		79612
115		
21734		
		79
82422		203163
22877		147368
22877		
17042		75492
17042		
39919		222860
54213		161075
17193		
152		
71558		
571		
571		
		17720
		606
72129		179401
18858		106153
18858		
4513		86186
1098		
201		
5812		
		5802
		32
24670		198173
46273		115741
46273		
15442		80915
15442		
		7958
		55
61715		204669
28720		137253
28720		
43329		75455
43329		
		69
72049		212777
33195		144632
273		
33468		
27851		105419
24779		
362		
52992		
		189
86460		250240
21862		74625
7		
21869		
43180		142512
13		
43193		
		5640
		121
65062		222898
1191019		4013388
69301		206110
8941		
6758		
85000		
34939		179001
29556		
64495		
		185
		68
		17
		16
		15
		8
		6
		5
		5
		5
		5
		5
149495		385451
38087		124676
38087		
12407		41856
5517		
17924		
		13638
		5
		5
		5
56011		180185
24988		140352
15458		
40446		
		52743
		44
		21
		10
		9
		7
		6
		5
40446		193197
96457		373382
3393	1704	68343
5100	1335	
2236		
10729	3039	
		4875
		104
10729	3039	193375
11468		76090
8054		
19522		
		151
19522		204052
9738		59795
4747		
14485		
		6244
		67
14485		177988
		85
		179931
		63
		175154
		88
		155706
44736	3039	1086206
		333562
		333562
231541		929911
161189		
83078		
5309		
481117		
333789		879976
41802		
27175		13
14724		
4410		
96		
421996		
		10831
		3746
		3580
		3033
		2589
		14
		1
		1
903113		1833695
16583		108336
16010		
13580		
12864		
7885		
3334		
1709		
1087		
818		
284		
227		
170		
162		
74713		
6973		65538
4541		
4105		
1905		
17524		
		1024
		1003
		966
		411
92237		177278
55295		157095
7994		
63289		
9660		45025
8075		
17735		
81024		202120
57569		130791
3579		
3112		
1702		
65962		
14743		68324
14036		
28779		
94741		199115
56618		123666
6564		
2511		
65693		
15053		62449
11326		
10017		
36396		
102089		186115
38148		122919
3518		
41666		
17113		49702
17113		
		3766
		1755
58779		178142
53916		129069
4490		
58406		
27803		60392
27803		
		2035
		884
86209		192380
63372		152288
63372		
17080		73369
11569		
28649		
		1806
		898
		848
		710
		663
92021		230582
61764		129610
61764		
24753		47492
6661		
31414		
		6
93178		177108
23629		103341
19164		
9334		
8055		
6927		
2169		
1804		
1700		
1336		
675		
645		
384		
274		
141		
122		
76359		
12132		31002
2949		
1910		
1567		
770		
19328		
		38243
95687		172586
795965		1715426
627163		2661789
627163		
215776	124663	1555202
191400	82589	
93609		
500785	207252	
1127948	207252	4314663
35267		104099
35267		
10121		46303
8851		
18972		
54239		153070
16723		90490
16723		
18491		45080
18491		
35214		137865
13348		88690
2292		
15640		
2478		49529
2478		
18118		141881
24409		106495
24409		
15696		55278
15696		
40105		165269
24793		88478
24793		
7516		50983
7516		
32309		143252
23222		91927
23222		
8538		56369
8538		
31760		152036
27788		99318
27788		
3950		64514
1902		
5852		
33640		167785
24727		105665
24727		
19881		51393
19881		
44608		157058
10549		60253
10549		
10549		60253
22901		97726
22901		
3703	2611	71415
3610	1078	
1291		
1475		
10079	3689	
32980	3689	176755
37391		107268
37391		
37391		107268
20426		98371
20426		
4846		45676
4846		
25272		146935
36477		108107
36477		
10651		33460
10651		
47128		145396
24086		94380
6935		
31021		
13244		62429
13244		
44265		156809
39094		
7830		
46924		
28931		61116
28931		
28931		77688
11913		92478
11913		
17291		64142
14712		
32003		
43916		159124
9512		65936
9512		
2753		16448
2753		
12265		86051
37038		94785
37038		
9656		41676
9656		
		197
46694		140007
16398		68348
16398		
16398		78245
27166		
11264		
38430		
7993		76775
7993		
20563		
9941		
1550		
1115		
33169		
		61938
		428
		89
41162		148239
30164		
17929		
48093		
9716		83835
9716		
3089		52075
3089		
12805		140138
29119		
29119		
17964		94219
17964		
5157		58271
5157		
23121		156483
31563		62058
31563		
7207		42538
7207		
38770		109314
45683		
45683		
4538		37174
4538		
2113		12347
2113		
6651		50550
17490		81348
17490		
1614	1129	17850
1308	727	
704		
3626	1856	
21116	1856	101448
23438		90869
23438		
7023		60293
7023		
30461		155383
13210		71461
13210		
3622		52269
3622		
16832		126652
1034949	5545	3540954
		123922
		
		
		
		
		571252
		178474
		
		
		225818
32881		95455
		
26143		
59024		
59024		165398
59024		569690
		171638
22008		84924
10479		
1722		1735
1382		
35591		
160		801
9		
169		
		1536
		1518
		267
35954		
585		
504		
403		
385		
355		
38186		
172		
172		
74118		262419
34706		139815
1033		
35739		
26199		117023
10285		
258		
36742		
84		721
8		
92		
142		
142		
		1390
		1013
		994
		963
		599
		208
72715		262726
72715		262726
83298		1175606
72486		
155784		
		26102
		2460
155784		2370445
		
		3236
		326
		228534
		481
		173159
		5448
		138994
		46487
		886
		198340
		
		1928
		99
		212079
		25129
		24731
		948
		203995
		4213
		272
		256397
3064		66639
1345		
4409		
		6094
		476
4409		217909
		136
		191415
		2107
		1851
		194
		241134
10831		102511
8818		
19649		
		2042
		259
19649		235280
24058		2297236
		11201
		3
		1
		1
		1
		1
		1
		1
		1
		1
		30805
		30805
568935		1184659
33097		
11213		
9389		
4214		
626848		
395614		832106
32073		
17756		
6370		
5165		
3642		
460620		
		29331
		21254
		16384
2174936		2083734
75644		163832
75644		
39592		78105
39592		
115236		241937
70662		157064
70662		
39761		87730
11487		
51248		
121910		244794
66618		147065
66618		
29289		85915
14341		
43630		
110248		232980
54968		115246
16661		
71629		
22145		77054
3875		
26020		
97649		192300
73902		134967
73902		
50866		104357
50866		
124768		239324
76210		158202
76210		
37088		65883
37088		
113298		224085
95065		195462
4837		
4526		
104428		
15205		38715
15205		
		11956
119633		246133
52598		129362
52598		
54776		122021
54776		
107374		251383
52428		119038
52428		
31700		62082
31700		
84128		181120
994244		2054056
159154		296276
26609		
185763		
47408		155043
18496		
4870		
4364		
3464		
2723		
81325		
267088		459884
46143		100939
46143		
21197		55963
21197		
		69
		29
67340		157000
29031		94110
29031		
19155		70470
16906		
15543		
51604		
80635		164580
60396		92413
60396		
8975		40820
6529		
15504		
75900		133233
223875		454813
308178		1439214
51245		
335		
359758		
194633		630299
530		
195163		
5		
5		
18		
18		
1534		42434
15		
1549		
		25096
		1254
556493		2138297
22734		161320
33		
22767		
7111		95761
6206		
5277		
5205		
4306		
79		
28184		
		515
50951		257596
53656		191414
209		
53865		
19219		113015
32		
19251		
		259
73116		304688
39765		163322
7744		
20		
47529		
22170		88523
19		
22189		
		242
1		
1		
69719		252087
31042		136735
823		
31865		
5614		54486
46		
5660		
		521
37525		191742
46686		194669
92		
46778		
26178		112451
86		
26264		
117		4432
1		
118		
		3525
		103
73160		315180
34527		201367
80		
		2190
34607		
170		
170		
2		
2		
1		
1		
1		
1		
34781		203557
45887		161903
130		
46017		
12742		91069
8901		
9		
21652		
233		7391
233		
		65
1		
1		
67903		260428
25623		141570
15427		
12731		
16		
53797		
39451		135622
18424		
12		
57887		
		943
111684		278135
518839		2063413
78211		135174
78211		
24924		57671
24924		
		291
103135		193136
50004		93336
33287		
83291		
25914		92324
25914		
		7481
		228
109205		193369
109205		193369
		
		
		
		
		
		
		
		
		
		
		
		
		
		
		
		
		
		
		
		
		
		
		
		
		
		
		
		
		
		
		
		
		
		
		
		
		
		
		
		
		
		
		
		
		
		
		
		
		
		
		
		
		
		
		
		
		
		
		
		
		
		
		
		
		
		
		
		
		
		
		
		
		
		
		
		
		
		
		
		
		
		
		
		
		
		
		
		
		
		
		
		
		
		
		
		
		
		
		
		
		
		
		
		
		
		
		
		
		
		
		
		
		
		
		
		
		
		
		
		
		
		
		
		
		
		
		
		
		
		
		
		
		
		
		
		
		
		
		
		
		
		
		
		
		
		
		
		
		
		
		
		
		
		
		
		
		
		
		
		
		
		
		
		
		
		
		
		
		
		
		
		
		
		
		
		
		
		
		
		
		
		
		
		
		
		
		
		
		
		
		
		
		
		
		
		
		
		
		
		
		
		
		
		
		
		
		
		
		
		
		
		
		
		
		
		
		
		
		
		
		
		
		
		
		
		
		
		
		
		
		
		
		
		
		
		
		
		
		
		
		
		
		
		
		
		
		
		
		
		
		
		
		
		
		
		
		
		
		
		
		
		
		
		
		
		
		
		
		
		
		
		
		
		
		
		
		
		
		
		
		
		
		
		
		
		
		
		
		
		
		
		
		
		
		
		
		
		
		
		
		
		
		
		
		
		
		
		
		
		
		
		
		
		
		
		
		
		
		
		
		
		
		
		
		
		
		
		
		
		
		
		
		
		
		
		
		
		
		
		
		
		
		
		
		
		
		
		
		
		
		
		
		
		
		
		
		
		
		
		
		
		
		
		
		
		
		
		
		
		
		
		
		
		
		
		
		
		
		
		
		
		
		
		
		
		
		
		
		
		
		
		
		
		
		
		
		
		
		
		
		
		
		
		
		
		
		
		
		
		
		
		
		
		
		
		
		
		
		
		
		
		
		
		
		
		
		
		
		
		
		
		
		
		
		
		
		
		
		
		
		
		
		
		
		
		
		
		
		
		
		
		
		
		
		
		
		
		
		
		
		
		
		
		
		
		
		
		
		
		
		
		
		
		
		
		
		
		
		
		
		
		
		
		
		
		
		
		
		
		
		
		
		
		
		
		
		
		
		
		
		
		
		
		
		
		
		
		
		
		
		
		
		
		
		
		
		
		
		
		
		
		
		
		
		
		
		
		
		
		
		
		
		
		
		
		
		
		
		
		
		
		
		
		
		
		
		
		
		
		
		
		
		
		
		
		
		
		
		
		
		
		
		
		
		
		
		
		
		
		
		
		
		
		
		
		
		
		
		
		
		
		
		
		
		
		
		
		
		
		
		
		
		
		
		
		
		
		
		
		
		
		
		
		
		
		
		
		
		
		
		
		
		
		
		
		
		
		
		
		
		
		
		
		
		
		
		
		
		
		
		
		
		
		
		
		
		
		
		
		
		
		
		
		
		
		
		
		
		
		
		
		
		
		
		
		
		
		
