GENERAL RESULTS				
1255925				
795696				
12328				
4011				
3397				
2981				
2074338				
164676				
122640				
7392				
2917				
2870				
300495				
1233654				
1025232				
32100				
7816				
289				
119				
17				
14				
7				
6				
2299254				
647744				
394409				
16276				
9305				
1734				
1069468				
7854285				
4839958				
143221				
85638				
53824				
38372				
21461				
992				
503				
82				
79				
72				
54				
6				
13038547				
1323102				
1185243				
35545				
7508				
6234				
5059				
2589				
1260				
792				
679				
317				
308				
266				
235				
192				
189				
4				
2569522				
905083				
634892				
12580				
5487				
863				
25				
19				
5				
5				
1				
1558960				
242584				
165484				
3882				
1940				
23				
7				
1				
413921				
267070				
21381				
2458				
2083				
772				
293764				
4237756				
4163447				
44726				
8947				
8154				
3856				
2607				
1754				
946				
820				
799				
322				
36				
3				
3				
2				
1				
8474179				
2078688				
1773827				
45324				
1516				
432				
154				
55				
30				
21				
2				
1				
3900050				
306658				
121015				
3840				
3184				
434697				
420911				
212787				
9453				
4402				
2499				
2222				
652274				
3019512				
2135216				
56229				
30222				
233				
185				
182				
121				
22				
16				
14				
10				
8				
5				
5				
4				
4				
4				
3				
3				
3				
2				
2				
2				
2				
2				
1				
1				
1				
5242014				
1420543				
1152887				
50111				
625				
290				
35				
17				
8				
8				
7				
2				
1				
2624534				
822544				
730617				
12926				
7442				
3769				
3038				
1027				
445				
372				
1582180				
692634				
440726				
20456				
5017				
714				
187				
95				
58				
48				
19				
12				
4				
1				
1159971				
1087190				
679370				
17063				
6872				
6337				
245				
60				
37				
30				
4				
2				
1				
1				
1797212				
1152262				
809141				
18157				
6978				
2508				
1767				
1368				
622				
518				
389				
355				
1994065				
401306				
292276				
9352				
8119				
2035				
62				
30				
713180				
1677844				
971869				
30195				
17110				
8788				
625				
418				
204				
64				
35				
26				
19				
19				
18				
18				
15				
13				
8				
7				
7				
7				
5				
3				
2				
2				
2				
1				
1				
1				
1				
2707327				
1921290				
1188314				
30920				
20691				
6552				
3167767				
2564569				
2115256				
21897				
16119				
7774				
5147				
89				
68				
42				
4730961				
1546167				
1320225				
35098				
13023				
10533				
3722				
3149				
1996				
1092				
1051				
397				
46				
35				
14				
8				
4				
1				
2936561				
710746				
562949				
6676				
2609				
1588				
1016				
1285584				
1482440				
1223796				
43151				
7936				
2757323				
267928				
201839				
14165				
59				
39				
6				
5				
4				
2				
1				
484048				
475064				
302081				
11109				
3717				
2408				
794379				
531373				
463567				
10968				
5770				
3240				
1014918				
369561				
329918				
8212				
1374				
875				
708				
324				
710972				
2125101				
1477568				
21045				
9888				
2064				
1724				
1007				
710				
664				
521				
3640292				
415335				
335788				
27788				
2691				
1174				
982				
783758				
4485741				
2490431				
47256				
39982				
9076				
6274				
2050				
217				
34				
34				
27				
19				
12				
6				
7081159				
2270395				
2178391				
44515				
11537				
534				
4505372				
188163				
124827				
5231				
1860				
1361				
1185				
322627				
2827709				
2661437				
49493				
18573				
12502				
8152				
2944				
13				
14				
9				
1				
0				
5580847				
891325				
443547				
1334872				
970488				
754175				
24089				
19427				
13275				
4432				
3384				
1789270				
2990274				
2680434				
49991				
21341				
11219				
383				
28				
5753670				
279677				
157204				
4388				
2421				
686				
617				
430				
416				
132				
64				
14				
446049				
1071645				
865941				
16321				
5446				
4765				
1964118				
210610				
145039				
5795				
2371				
363815				
1462330				
960709				
18623				
6515				
6022				
2639				
1739				
2458577				
4569843				
3308124				
88580				
24657				
1287				
426				
374				
209				
162				
102				
87				
7993851				
740600				
251813				
12572				
5335				
3817				
2871				
393				
18				
6				
5				
5				
2				
1				
1				
1				
1017440				
199239				
92698				
3487				
1128				
717				
710				
695				
594				
13				
9				
299290				
1971820				
1822522				
31216				
13058				
8627				
7151				
76				
14				
3				
1				
1				
3854489				
1755396				
1290670				
42202				
20928				
8851				
4946				
1318				
1205				
3125516				
417655				
238269				
6302				
4406				
3806				
670438				
1620985				
1407966				
20439				
7665				
5170				
4930				
553				
526				
112				
88				
3068434				
170962				
69286				
5326				
2035				
1452				
249061				
				
				
				
				
				
				
				
				
				
				
				
				
				
				
				
				
				
				
				
				
				
				
				
				
				
				
				
				
				
				
				
				
				
				
				
				
				
				
				
				
				
				
				
				
				
				
				
				
				
				
				
				
				
				
				
				
				
				
				
				
				
				
				
				
				
				
				
				
				
				
				
				
				
				
				
				
				
				
				
				
				
				
				
				
				
				
				
				
				
				
				
				
				
				
				
				
				
				
				
				
				
				
				
				
				
				
				
				
				
				
				
				
				
				
				
				
				
				
				
				
				
				
				
				
				
				
				
				
				
				
				
				
				
				
				
				
				
				
				
				
				
				
				
				
				
				
				
				
				
				
				
				
				
				
				
				
				
				
				
				
				
				
				
				
				
				
				
				
				
				
				
				
				
				
				
				
				
				
				
				
				
				
				
				
				
				
				
				
				
				
				
				
				
				
				
				
				
				
				
				
				
				
				
				
				
				
				
				
				
				
				
				
				
				
				
				
				
				
				
				
				
				
				
				
				
				
				
				
				
				
				
				
				
				
				
				
				
				
				
				
				
				
				
				
				
				
				
				
				
				
				
				
				
				
				
				
				
				
				
				
				
				
				
				
				
				
				
				
				
				
				
				
				
				
				
				
				
				
				
				
				
				
				
				
				
				
				
				
				
				
				
				
				
				
				
				
				
				
				
				
				
				
				
				
				
				
				
				
				
				
				
				
				
				
				
				
				
				
				
				
				
				
				
				
				
				
				
				
				
				
				
				
				
				
				
				
				
				
				
				
				
				
				
				
				
				
				
				
				
				
				
				
				
				
				
				
				
				
				
				
				
				
				
				
				
				
				
				
				
				
				
				
				
				
				
				
				
				
				
				
				
				
				
				
				
				
				
				
				
				
				
				
				
				
				
				
				
				
				
				
				
				
				
				
				
				
				
				
				
				
				
				
				
				
				
				
				
				
				
				
				
				
				
				
				
				
				
				
				
				
				
				
				
				
				
				
				
				
				
				
				
				
				
				
				
				
				
				
				
				
				
				
				
				
				
				
				
				
				
				
				
				
				
				
				
				
				
				
				
				
				
				
				
				
				
				
				
				
				
				
				
				
				
				
				
				
				
				
				
				
				
				
				
				
				
				
				
				
				
				
				
				
				
				
				
				
				
				
				
				
				
				
				
				
				
				
				
				
				
				
				
				
				
				
				
				
				
				
				
				
				
				
				
				
				
				
				
				
				
				
				
				
				
				
				
				
				
				
				
				
				
				
				
				
				
				
				
				
				
				
				
				
				
				
				
				
				
				
				
				
				
				
				
				
				
				
				
				
				
				
				
				
				
				
				
				
				
				
				
				
				
				
				
				
				
				
				
				
				
				
				
				
				
				
				
				
				
				
				
				
				
				
				
				
				
				
				
				
				
				
				
				
				
				
				
				
				
				
				
				
				
				
				
				
				
				
				
				
				
				
				
				
				
				
				
				
				
				
				
				
				
				
				
				
				
				
				
				
				
				
				
				
				
				
				
				
				
				
				
				
				
				
				
				
				
				
				
				
				
				
				
				
				
				
				
				
				
				
				
				
				
				
				
				
				
				
				
				
				
				
				
				
				
				
				
				
				
				
				
				
				
				
				
				
				
				
				
				
				
				
				
				
				
				
				
				
				
				
				
				
				
				
				
				
				
				
				
				
				
				
				
				
				
				
				
				
				
				
				
				
				
				
				
				
				
				
				
				
				
				
				
				
				
				
				
				
				
				
				
				
				
				
				
				
				
				
				
				
				
				
				
				
				
				
				
				
				
				
				
				
				
				
				
				
				
				
				
				
				
				
				
				
				
				
				
				
				
				
				
				
				
				
				
				
				
				
				
				
				
				
				
				
				
				
				
				
				
				
				
				
				
				
				
				
				
				
				
				
				
				
				
				
				
				
				
				
				
				
				
				
				
				
				
				
				
				
				
				
				
				
				
				
				
				
				
				
				
				
				
				
				
				
				
				
				
				
				
				
				
				
				
				
				
				
				
				
				
				
				
				
				
				
				
				
				
				
				
				
				
				
				
				
				
				
				
				
				
				
				
				
				
				
				
				
				
				
				
				
				
				
				
				
				
				
				
				
				
				
				
				
				
				
				
				
				
				
				
				
				
				
				
				
				
				
				
				
				
				
				
				
				
				
				
				
				
				
				
				
				
				
				
				
				
				
				
				
				
				
				
				
				
				
				
				
				
				
				
				
				
				
				
				
				
				
				
				
				
				
				
				
				
				
				
				
				
				
				
				
				
				
				
				
				
				
				
				
				
				
				
				
				
				
				
				
				
				
				
				
				
				
				
				
				
				
				
				
				
				
				
				
				
				
				
				
				
				
				
				
				
				
				
				
				
				
				
				
				
				
				
				
				
				
				
				
				
				
				
				
				
				
				
				
				
