PRIMARY	RUNOFF	GENERAL
		434
		131722
64043		68770
54092		
18088		
		199
37093		818829
		9529
		99
		155104
		308
		676031
		1730
		692694
		4322
		698400
37578		152520
7288		
409537		
		7925
107217		226493
465069		6540228
75088		698132
14012		
55454		18357
12582		
2197		
6549		
30433		
4128		5053
166		
2163		
3880		4185
1150		
		1451
		940
219961		397144
111233		652938
		87012
		65026
571483		655996
175		
372862		
712327		962952
383865		
9342		48355
8218		
		2
		1
583416		5713599
17563		203114
58597		
60354		46339
9082		
5368		
2722		
9183		
74307		
907		6606
805		
22956		106617
11225		512990
57267		
25673		39113
8447		
7554		
32690		
637		8647
		7
218		
79560		570850
55357		534831
17163		
1503		54853
4585		
25		
97984		
812		5736
369		
23383		639456
98682		65774
51638		
9959		71988
4876		
61		3970
94		
42010		75765
20866		205357
80784		
49596		91917
48668		
478		5799
675		
22682		708060
28265		188703
61545		
17		67912
53		
77357		906438
65408		20682
23604		
20045		83741
5882		
84351		
74		6342
57		
18701		585854
23617		838419
76696		
3986		
5733		
2519		
812		
98902		
51092		406750
33741		
8075		
1324		
3056		
75013		
379		6444
781		
		5403
		1
		8
		1
856002		555250
475374		9156330
		496765
59650		15298
9431		
81942		
97182		305506
		800252
		374557
51766		149094
1771335		9097595
947550		
741805		
9307433		
2110781		7620799
5660217		
69743		615011
40386		
4147		110
93127		
88822		782982
24374		
4206		698853
3109		
30695		53980
10211		
		508
		13
		99
3642488		3797878
79558		768903
19474		
85741		84661
42132		
2365		4175
1463		
612		4605
776		
		57
935383		848056
69551		381264
99779		
77678		71231
81282		
75		
82081		
140		6054
430		
428955		790504
94955		724906
76671		
49670		87256
36250		
883		7887
872		
67		1270
59		
200135		571339
49965		336416
88762		
67878		
72317		891629
16032		
64402		
86171		
569		15069
765		
334415		393871
76716		603675
89773		
42003		21904
73007		
520		2116
870		
557		4093
441		
32145		743286
51047		334380
36158		
74		
102695		
26374		54907
52892		5
95712		
813		5037
227		
711611		986565
84703		925000
47409		
643		86564
192		
94197		740341
18973		271852
38793		
9360		63100
9617		
3512		
4554		42857
5165		
885		1311
691		
80526		177125
83829		698827
74756		
5380		40886
4740		
553		1492
317		
706515		634646
20764		380264
10494		
38817		18071
29519		
		30
92663		496328
83361		402281
14285		
4310		
63262		
58688		45777
76582		
7569		
34832		
1		
3		
601841		102782
38650		121630
8879		
4905		
41795		
4084		59349
5092		
9007		
79891		
50		
50		
28086		383362
57269		750323
36341		
35787		18574
58411		
70958		122152
59319		522126
71418		
11025		39021
17072		
132		1161
962		
8629		2717
5933		
97092		344888
51900		433559
84400		
77343		58941
26841		
93069		737744
11282		74872
27642		
98866		77640
68791		
63734		873033
61433		980780
77386		
67206		41465
79206		
		9849
91103		467667
48066		46365
96086		
72968		95546
84722		
10577		404185
25945		510111
71534		
24914		83978
99533		
20000		949859
46326		96140
37545		
143		
127		
82866		44990
72129		66122
59341		
98495		21529
45172		
772		1619
733		
59570		953174
34842		414292
2549		
7817		
48052		
44224		76248
94339		
306748		147302
22105		358166
62608		
48758		89373
41119		
24222		
		21
91256		614639
31126		552459
41604		
42386		
43966		91612
17525		
		19
		5
702731		408997
39817		67531
25558		
84507		79138
38405		
446		1187
883		
74780		249626
92769		809065
94986		
1625		
91188		
44480		38748
57663		
2515		
50815		
107		6479
306		
796		5715
863		
33360		415111
23475		87690
68156		
87035		37089
59076		
77598		734844
86019		85157
7111		
65286		
1959		40798
4424		
960		9884
110		
574		4941
322		
98690		201016
47980		98078
1404		
20711		
15494		29173
14918		
389		7751
547		
54		4856
29		
221		5694
485		
		75
20231		899506
84215		653194
97795		
40220		61802
70510		
82		2265
51		
80347		752966
45306		27825
2931		
80222		
90568		28339
60447		86061
50422		
14		25898
86		
70197		79975
34873		926335
4621		
75524		
69813		216586
63566		15283
22215		
4829		22177
7793		
		8
65200		98669
77172		95638
4841		
68633		
724		7922
875		
62		4949
35		
98		
40346		33305
10231		501673
92257		
21530		
36825		64063
53766		
88		3378
66		
404		2330
103		
49370		224538
66890		50957
4045		
74963		
854		26223
743		
48694		62747
84624		12853
33469		
7996		52330
9662		
53340		93708
66896		37373
8082		
2456		
30579		
95790		17989
93630		
66447		406644
66097		300382
18091		
62265		65919
61135		
23644		
286		1626
214		
72587		311846
11415		708382
45717		
98618		57113
73417		
		47
89366		673067
92493		743540
87819		
531		
336		
47039		951720
70553		22182
40633		
40994		24054
40673		
47081		48420
93947		24655
27842		
32194		57645
57549		
32		2695
37		
73060		426643
68040		25442
796		
31719		
55513		97582
20519		
88466		
28662		766529
54862		454564
26895		
89686		11174
32855		
852		6804
449		
25748		866018
19375		25798
59638		
7641		78225
4538		
1831		
75408		
11580		29847
65242		140540
75556		
31727		79746
28499		
716		2550
558		
64664		600537
98165		88726
74724		
26005		38382
95009		
285		2832
766		
		484
89010		788254
16757		943074
90215		
6981		
2825		
7656		
4535		
9862		
4078		
415		
540		
96178		
67058		83311
1939		
45440		
830		6878
240		
48		6997
69		
788532		785207
56847		69675
92261		
7175		
91563		
76698		52848
1351		
22900		
741		9330
752		
		3
74392		815714
30265		797167
20218		
13913		61106
4125		
6061		
8909		
6596		
36001		
824		2658
219		
82256		134625
69582		79471
77899		
98494		77367
5902		
24325		
187		8597
374		
39327		546848
6705168		6296263
84000		923881
82000		
		46123
32000		159819
18669		432740
67587		
75534		26584
65712		
		9033
		6929
72316		154205
39495		656148
88385		
44687		75510
45269		
		4135
		96
80473		811633
68808		307125
49907		
93918		307268
61571		
		25714
18905		380891
53383		936517
62175		
7541		
5712		
2539		
5770		
75076		
90598		72464
90173		
		65
		68
		7
26270		207513
15021		914705
71054		
65711		803002
13188		
		9012
		86
31131		930287
78447		606139
51038		
7291		
25410		
50731		16592
30922		
		1028
		4603
		7
		5
		5
28901		137255
831999		8652507
385480		236017
543208		330216
591128		
		807245
		2437
		8671
		80
		3
277995		1491340
		959245
5546		69070
3918		
3216		
		94
9376		805445
		737779
		492838
		225449
		660192
		57653
		6086
		825265
		404980
		81860
		4091
		8
		804063
		532834
		92356
		9515
		569405
3243		6083613
2120		97494
1989		
2305		89339
26657		
		2113
16144		524025
6116		31655
1434		
33211		
		6155
		6568
18561		872451
23661		735117
82839		358675
8418		
863		
702998		
558		
783		
190		
140		
		7074
705447		113222
105324		186492
622465		6728178
982279		
233718		
98640		
520581		
		62120
		42971
		22236
		89487
		79
		78
490958		7443992
		123774
		
		
		81
		605121
20663		205281
15697		
9591		
18065		
65073		975220
		884987
		291770
10609		26383
55622		
33578		
31223		26919
4936		
8920		
82173		
		8730
		27
		9
37094		170275
20805		186014
8577		
96314		
		69
25966		320067
		3
		515657
86290		33740
88931		
3479		
7189		
2352		
55551		
		84
		8
67934		284732
		67956
		40958
		480085
70489		296608
28704		
79674		
1477		
6656		
75671		
46398		689370
45822		
84262		
703545		735878
		5
		5
		285938
28925		69316
69910		
71727		
19858		194121
		4489
		144729
44557		30516
6190		
69675		
		16
84613		40398
		8
		559547
		
		
		684202
		3492
		472403
		
61267		91226
7242		
47120		
43750		432416
		206774
372403		1775874
61048		98373
47025		
90138		83589
40395		
97547		351273
75065		39586
19064		
36674		18921
49271		
48659		230765
57993		770747
93117		
28734		25183
39759		
59449		197888
18835	32738	107619
83127	79822	
2574		
75314	30789	
7422		24663
8485		
		28
70210	40817	766439
99349		832370
77697		
		48
11231		252486
91279		582149
40354		
76335		
29422		88522
98344		
74598		800785
60820		710143
10710		
71897		44662
81441		
89571		489114
98847		20250
62197		
22011		28701
4175		
70935		
68369		162347
83583		785215
17286		
60673		42570
5614		
89717		
		2
53387		748657
40247		887983
30999		
16130		44017
93840		
83384		296184
80331		516998
10342		
83793		61271
23819		
		7
29945		362481
24257		82459
92799		
56520		10157
93340		
10672		627456
63263		902053
98968		
52579		
72933		15970
98897		
62077		561341
268555	40856	2070803
50987		52877
732		
40952		
546		
216		
		7701
70906		28252
40404		66519
949753		170740
504931		
669244		
80254		
3037		
7875		
3565		
1205		
6341		
23935		
788		9738
739		
499		
656		
378134		311516
86829		837502
61414		
306847		
2218		56620
3580		
4482		
293464		564399
44949		505205
67972		
94008		
15133		
50540		
1741		
3040		
4697		
1761		
3833		
621742		
9980		56222
3172		
23856		
401		
308		
398237		971390
977810		623647
51298		186611
74977		
51557		
51449		
5799		
8937		
77719		
80175		908548
8939		
56588		
		5929
		2178
		7361
32043		375574
15176		859263
23982		
15600		77336
37500		
		6222
		3274
71137		134279
940321		817801
42997		396867
57345		
300010		
5216		57904
7352		
907373		548815
50399		294859
80654		
3524		90612
4732		
6599		
92		1694
84		
22222		383840
68909		448825
30859		
89822		
95160		
81606		12547
8424		
2		
56682		
41127		375447
39912		35990
42456		
9804		37867
8305		
90025		19874
34492		935868
5080		
4384		
27915		
3954		67540
4159		
		11
26140		728672
50239		68294
60552		
83856		32253
54825		
3476		
81345		
		4
41266		853711
57265		134076
1994		
7355		
25445		
1384		54842
4136		
		4
45850		324029
38815		99571
56484		
92037		10280
36310		
2589		
3910		
6814		
476		
88780		
		3277
		3
62177		551998
98930		478254
35880		
18683		45156
1829		4
41928		
43489		571275
99961		605531
76		
48825		
21676		81525
8178		
37574		
		2
81727		702305
76315		805008
14599		
45126		62377
73194		
		7
76940		145463
25400		654108
3756		
40743		
		4
20475		651502
43700		874730
93829		
45382		
41385		67909
32855		
56208		
		6
27573		507992
55683		141540
36767		
48081		32635
2703		
83722		
76099		441276
32485		837250
99494		
66989		72054
64834		
86501		709523
90440		464419
80360		
79111		21568
42192		
		2999
49565		945506
67970		
71680		
41217		22333
48525		
3994		
48710		
80950		507247
78200		770739
81500		
29326		52036
34686		
53972		531858
89777		568585
96		
33914		
60419		85178
45432		
97570		
55072		691824
8916428		5286505
615640		3812982
438840		
		931
		426
789540		6615447
83717		104966
59872		
6497		40758
7847		
6845		
8762		
81230		
		1583
72346		135505
10589		802399
5780		
99583		
84732		23400
60573		
56399		
43628		395744
58824		79297
85529		
94577		
25648		10562
5168		
9281		
7572		
65770		
39909		432929
90223		147045
43118		
86238		
2865		32697
8944		
1256		
48559		
73896		268075
7096		86518
2596		
9560		
8693		
41952		
92480		199747
1511		
5151		
33224		
		25
11264		708237
59184		553527
4909		
70757		
79887		64249
80363		
77364		
79315		582011
21904		93940
5084		
8210		
370		
807		
72484		
73713		17403
4929		
8564		
7689		
50426		
67910		125038
86496		561061
22582		
59056		91403
17097		
43133		259534
68383		960598
4124		
9509		
5283		
32095		
90588		600716
1883		
		67
94891		
505807		790686
226494		2597621
40621		758173
1282		
1932		
9685		
13		
22013		
70674		48847
5771		
5983		
61		
82312		
		2107
		8756
		922
79337		505859
909		402229
118		
6222		
8830		804609
36		
2278		
		271
2918		704292
26604		846671
795		
47473		
5414		306796
30		
9959		
		1967
		407
30456		959722
81659		271880
63		
18389		
50869		80863
43		
30381		
		11
38544		496990
28798		801660
404		
36128		
8256		34156
6229		
23		
14375		
		9932
		7672
		92
77501		210924
421726		7033353
80270		748673
10660		
57603		25463
59505		
		1435
51223		155486
44834		267679
86962		
77794		208376
68971		
		7054
27399		645581
88136		982308
71214		
43687		92879
14508		
2740		
7933		
46171		
		1038
86901		519340
23266		613558
94691		
4853		36799
8418		
2958		
6261		
46918		
		3239
14889		511805
119992		982946
40845		35482
49640		
1633		
602847		
103673		303522
36043		66357
47340		
53444		
12779		211824
70396		359349
62756		
3696		
5985		
31278		
		5675
		699
62465		999451
		60900
		105656
25163		93694
33762		
64340		
53930		925826
		23016
		251190
842388		4892731
		816478
		95063
		198217
		462247
		943272
		813203
		640669
63733		903942
288		
25662		
54617		899721
89041		
67105		
		96170
		299
809148		967854
89708		750588
95108		
76492		58005
71937		
		82071
86193		440594
53293		925173
89895		
33614		45557
26773		
37254		812495
907255		486936
784581		833918
289618		
20513		
90891		
5554		
4692		
7045		
9948		
6140		
5503		
4939		
8199		
1806		
1802		
7066		
4347		
2265		
5603		
146557		
650920		371596
5830		
3310		
4083		
1132		
2588		
4681		
7842		
7642		
301		
884204		
		186
		510
606037		7496612
79719		843786
85296		
91048		82875
36477		
48843		
30808		
		597
62812		656891
84640		192451
25569		
47559		
5456		80942
3444		
4547		
87284		
		343
34494		687747
94629		210651
35587		
55001		
8437		
2034		
9186		
7606		
950		
38798		
1469		17727
1333		
9428		
9742		
8351		
215		
997		
218		
55939		
		286
101925		957984
80684		594617
58521		
3900		
59466		
9309		95443
8408		
		5375
87140		496303
75416		969536
85793		
		7660
		569
95427		201564
86718		879500
49796		
31949		
77102		94090
17250		
49432		
		145
98064		618783
13392		815710
99837		
		3816
39295		772413
44521		728712
3495		
10743		
2560		99472
9507		
6790		
78611		
		387
83409		760231
120424		9508301
917965		7300396
40585		
728759		
34375		224957
24942		
540		
50205		
		9640
305814		5445980
19448		318082
162		
69082		
143		
468		
		16453
		587
46365		706551
60588		664738
226		
36433		
769		
555		
		2622
49628		147655
37584		858556
720		
56758		
698		
532		
		1948
21199		221442
40065		251351
534		
20227		
800		
341		
842		
		2210
50275		436118
22045		139460
549		
55194		
473		
722		
		6138
23631		529548
94390		533083
978		
26689		
7056		39228
70		
6529		
		532
27286		133754
70805		475801
350		
98592		
250		
490		
		2427
92318		795329
94926		857313
282		
75844		
303		
605		
		28939
		367
65942		497455
86235		958440
75037		
299		
32381		
7707		65426
35		
7873		
		705
209415		499063
58020		291734
930		
38170		
91389		69829
362		
63854		
		81408
		786
34861		237404
184736		7862871
661643		9429533
55		
745625		
490604		2721198
126058		
183475		
		83
6704638		6920459
37569		810926
21664		
27912		34123
24249		
71993		852368
13214		963004
37498		
21620		71350
77350		
20723		872978
21307		171231
66302		
41662		47648
42241		
98063		
26974		481757
50897		840018
40551		
16878		800530
74969		
65071		377482
48235		446987
45941		
41528		30915
72842		
92441		238143
10878		315446
10637		
49289		63515
12798		
35077		749436
22333		628916
77770		
94662		
80507		338714
4285		
5005		
2202		
63454		
		6781
33339		123082
65159		276978
1595		
69779		
40771		288301
20951		
		9539
30930		851543
29721		936410
30116		
31595		
71033		773620
86054		
		5951
47283		718730
32791		677023
79745		
2834		36946
5425		
7558		
5730		
31807		
79083		180136
40428		561169
80644		
46196		871364
24246		
33653		466983
20444		264591
70355		
78177		88387
12396		
		6788
32284		120682
30419		884307
90856		
		41
70619		894211
78668		748961
1		
23725		
4622		92622
1139		
63762		355262
49146		827285
37332		
		8
917		
935		
13271		309796
7067798		7166909
875655		2661439
43799		
437243		
177071		538649
60089		
6745		
764096		
4650		18275
3900		
7787		
40289		
		10624
		4205
		901
		51
		91
		6
		5
638198		2808355
13658		538358
12666		
83321		488651
5600		
79924		
		278
		7
96400		934473
		683
		210370
15234		134716
97943		
96966		33833
8931		
2767		
49056		
		565
29175		343355
28274		667044
53939		
8206		99719
2605		
26230		
		637
		6
89504		158597
24008		395050
52635		
86432		
8517		
550		
334		
822		
90835		
2774		21252
4383		
9095		17674
1051		
		8964
		849
75275		921602
		296
		402246
61757		348251
4831		
53508		
30514		42746
50413		
		9403
		810
46318		649522
		7106
		834
		818031
371055		6621472
36554	38939	478000
49119	70680	
60253		
38537		
38		
706546	99748	
		6263
108639	91883	640152
5724	6083	58847
4985	4793	
8179		
9320		
29606	3202	
71505	5601	238747
44435		600950
89701		
785		
97740		
67260		121371
		922780
8953		710532
5		
3297		
7556		989133
108580	6908	800792
956663		1021379
14416		
944540		
235974		3002356
67459		
81107		
6414		
5500		
477444		
4322		65657
9785		
		32747
		65
		58
315735		8413164
92399		184823
48857		
9695		18943
5859		
4105		
5541		
265		5289
482		
69635		128644
12177		431776
3466		
75095		
8325		506438
7952		
2636		
3653		
93583		
184		8647
575		
50584		971989
16200		346417
63129		
81975		
41460		80511
57270		
727		2621
116		
		1373
50905		132735
65213		575306
88422		
95583		26567
94979		
6792		
1409		
25988		
970		5942
520		
		7766
		50
88806		129172
43926		218397
55575		
68118		91557
89715		
887		9627
166		
42407		331481
49495		690671
31585		
85811		91377
99896		
179		9748
191		
		1981
87516		664297
87664		690917
4196		
2328		
6856		
85473		
7489		16232
5130		
8321		
15099		
456		1853
237		
		99
61005		648213
26889		413782
54357		
38889		37378
24906		
10075		
25266		
392		5939
547		
18862		991852
69077		476549
36037		
19673		11742
27747		
128		5446
417		
		4278
49169		122667
903042		8024942
91987		521734
97763		
6842		
9261		
790		
601172		
20254		272193
65115		
1075		
8508		
88124		
		90976
101869		203104
26616		791347
18324		
59532		867129
39870		
15752		
		2096
		9
774710		704658
766940		608637
54639		427526
98942		
405		
104		
516645		254168
82504		
41145		
465620		
6784		
9121		
748		
7902		
498157		892712
58820		842033
84860		
7863		
3249		
77253		16160
1312		
57830		
750		
955		
512		
511076		909922
48102		45499
70599		
27325		
42		
43		
858		
84567		78505
85158		
67		
83		
98459		836191
61060		978632
50448		
84328		
1456		
9007		
205298		
870		
901		
723		
38		
37		
453		
17356		45079
55986		
454		
371		
940976		709516
497504		592045
299048		552701
9231		
3964		
140347		
74280		891721
97851		
43981		
279458		
		6121
		5544
		4379
374494		977726
75633		87094
2111		
32794		
40316		30122
6902		
8267		
90556		
92224		326619
96320		614497
32799		
42266		
5699		
859		
75743		
58674		692278
44356		17849
2003		
4464		
2882		
1569		
11376		
44347		370422
122011		821988
77383		600232
6343		
1168		
6041		
346		
80		
79		
2		
92810		
90111		69366
2711		
22		
13		
72		
60		
1		
4		
56728		
		544
69189		227249
93006		709513
844		
328		
89		
2		
34865		
62012		66048
3859		
6941		
69		
34		
45004		
		9101
		649
65115		804165
15508		202626
955401		6200464
90740		
637987		
728749		286192
36393		
796712		
		56888
		73129
		4623
		7511
		3229
		7720
		4669
757754		5890060
39148		950110
82326		
84688		990590
53460		724869
88460		
3635		55785
6701		
9174		
		2029
		828
		795
		808
19577		660593
22468		667818
41243		
3970		67532
9350		
		5973
85143		502741
66404		847942
11903		
9373		64803
9538		
		6785
		164
68294		991660
57490		649217
5417		
52604		
1517		85804
5137		
60885		
		5517
67593		402115
50414		78224
70723		
6807		75966
2509		
		7398
54125		536961
89578		89531
81267		
2963		84275
4186		
		1376
		9021
18047		815025
23058		32414
98042		
6962		35016
1394		
		1043
99034		896571
78615		704288
92324		
6967		40419
2787		
		4161
78683		478047
31785		90978
42125		
32646		50929
82819		995069
25642		
9458		26261
1564		
		9530
		765
11842		104059
12287		156537
95951		
5767		34908
7385		
59759		780348
78728		35719
1611		
68229		
6323		96996
8722		
		5041
		394
		198
		377
47118		13980
911043		7916332
52451		55105
7916		
63326		
		5843
88318		56758
542577		562723
465143		
25766		735444
75283		
70010		
48949		
		171
531685		939610
42023		608759
45045		
80938		606511
90336		
94941		197527
11036		55770
53053		
16784		77135
68561		
		418
22478		269152
10215		926910
40638		
81811		84552
13456		
49456		983018
785673		195018
140198		7532876
351924		
671942		
371111		3185506
56808		
915035		
		36692
		30779
		1008
		3998
883444		6810044
		671524
		399951
82098		67184
3560		
83996		
34614		561440
		311385
		25210
		21107
		77411
		778863
		65546
68664		55954
49412		
8863		
2		
5		
2		
8		
5		
3		
1		
1		
78032		
84095		89505
69537		87890
17916		
58183		
2379		
1		
33724		
		69184
		448
		187
11325		21102
		30014
672		6378
773		
8		
7		
209		
402		104695
		659812
		240403
		45221
32952		3200
4640		
52924		
52466		877887
1463		7273
5804		
6461		
9923		677701
91799		200593
1630		
3822		
4615		
56601		
22708		599934
		579195
59212		191556
4343		
60591		
60375		775318
		748141
		671018
		7597
		303386
30		9202
74		
55		
83		627911
111		5941
575		
7008		
9003		720132
		322648
		723530
		604438
542184		2497833
		41550
		618188
		297531
62818		691850
6767		
2438		
52688		
81726		524168
5302		73087
3775		
6271		
8815		
49199		
44565		252544
		817084
		465170
76602		10763
7965		
9269		
9712		
14142		
18337		973366
		286448
		236639
78661		592332
10180		
10208		
25517		404847
2555		
47383		
62530		915462
		106394
9045		33390
2164		
5642		
5268		
2493		667510
262313		1810702
57513		310314
55247		
70634		76317
30799		
		7619
		5326
96794		876257
14539		855361
24642		
40534		18981
60475		
46721		583444
34662		174524
559325		1683477
755316		
319702		
692580		7823076
195943		
204543		
845823		
1694572		8074494
93732		301580
48273		
23259		29179
53763		
34327		501243
59599		990441
20815		
7624		
9737		
35118		
10766		342599
3219		
3534		
4933		
9561		
39578		
		529
		84
47416		868073
16247		219732
17253		
65472		
9099		
9672		
63081		
87323		811358
94056		199229
77309		
9230		
6992		
6827		
9336		
71985		
84325		92318
81852		
701394		466188
17919		811384
31653		
36847		47279
21322		
32712		619991
49225		744116
16700		
5711		
91067		
78568		94976
8407		
1409		
3581		
47112		
301761		754734
55304		385556
16508		
40528		42165
40912		
20287		623666
77452		825537
87179		
27385		56320
57314		
32250		777502
31653		478640
34363		
8653		19843
3402		
3655		
73923		
13708		301376
22361		872881
73570		
31627		
81550		77638
6189		
81117		
90638		408838
51577		713752
67161		
3914		88868
8438		
24871		152341
73893		677816
39196		
18786		303241
74491		
6923		
3584		
34824		
358805		495771
16151		311322
28745		
62259		
3829		
7122		
7010		
594		
537		
58593		
63051		74792
7042		
3257		
2841		
9605		
45660		
401626		824569
14144		414018
98554		
94108		85545
88485		
7269		
72655		
		5200
41879		230976
15090		470485
22070		
24454		102329
13538		
		357
29317		330452
29679		484923
99340		
39153		
80208		37757
56388		
60401		
38709		386733
85999		430179
74676		
578		37259
178		
17596		811647
42159		524269
46054		
93580		
1849		
65424		
74834		
78514		
90815		
44209		207103
2354856		6476139
2965		
3181		
5980		
4870		
8596		
9461		
9989		
353		
100		
84473		
34712		
25362		113120
5326		
8335		
15000		
		70025
27000		523142
2241		75881
7912		
18370		
42850		138707
77568		66662
94559		
7115		
27248		
53137		868453
		884055
14174	11135	809474
32535	15757	
2982		
1180		
4357		
9355		
38934	92838	
61950		48179
27265		
96849		
		5582
21405	52217	320785
233489	67514	607364
63518		165301
5725		
5753		
8818		
849		
48544		
52444		40708
464		
29374		
		889
300956		522119
30353		372115
9409		
559		
61817		
11117		67582
55980		
2973		
2419		
885		
55775		
		199
480099		898148
19360		577450
6478		
488		
79526		
339		63437
7508		
7648		
		417
78846		584260
79645		370409
644		
36021		
66180		609304
9163		
468		
33615		
		331
412166		220282
75422		941869
908		
35324		
88036		484118
167		
11626		
		948
207372		813285
961289		4116973
118139		5845914
54448		
73874		
3945		
166948		
364684		1219413
1495		
946121		
		6793
5550952		5087069
53830		984538
13290		
		21
39210		716313
21172		284266
51811		
2941		12854
5739		
		6931
13381		716556
96443		904888
654		
48769		
58002		89970
895		
91738		
		7507
		355
22300		502124
79816		242242
87378		
669		
67088		
53398		576084
403		
38622		
		957
75258		643093
42272		272799
954		
34619		
38215		44141
457		
96725		
		436
87391		364393
80011		828021
80025		
13156		841224
1512		
38308		
43273		554758
43682		431975
75884		
74602		446474
75501		
		750
21820		238457
73895		313458
6767		
4		
81203		
83376		178387
76		
42682		
		68
50372		552723
12919		494093
869		
26627		
1287		39980
287		
7990		
		814
82897		100330
12100		480731
451		
53473		
83848		28883
75741		
524		
48236		
		834
49247		909924
70384		757290
41		
30760		
48360		61067
99		
12856		
		90
52049		974751
90821		314188
764		
60476		
52115		13376
696		
82147		
		64
33798		802939
95474		435849
97122		
53024		28888
71043		
82651		477370
31792		423063
49748		
483		
28749		
247		
683		
		53790
		104
14243		886504
49817		805973
13393		
5784		18452
3096		
903		
8922		
		8304
		13
44850		565857
91632		599866
49818		
15965		40766
29199		
		4276
		82
16973		103468
31920		182596
43750		
64394		56615
53552		
		74
29047		647921
38385		652449
318		
97852		
56947		102536
49583		
526		
29528		
		565
84570		890360
32271		18253
7		
62761		
24620		197471
58		
78918		
		1420
		869
77035		444624
3611025		9041945
99903		109530
2718		
7556		
77000		
27912		874007
68718		
99697		
		665
		36
		79
		48
		72
		3
		7
		5
		5
		4
		2
		1
214724		442676
56033		158377
45061		
45802		72914
6271		
99128		
		77871
		2
		1
		3
38086		360867
16883		970626
54548		
40159		
		84277
		93
		53
		90
		2
		3
		9
		3
80937		874577
88721		451222
1366	1904	81414
8100	3272	
4533		
90692	2049	
		2684
		707
20137	2046	183221
58689		79050
6036		
79786		
		113
42331		805023
8468		47195
1523		
49525		
		5931
		78
16889		295272
		85
		583823
		55
		913729
		35
		492704
32554	3012	5097409
		667454
		254946
217551		985847
629284		
88028		
4205		
685117		
476315		811694
64309		
33719		43
73849		
6640		
33		
929671		
		20553
		4692
		1750
		6014
		8126
		84
		6
		5
701688		5652664
37746		808587
81090		
19430		
92217		
8489		
8464		
8101		
1098		
292		
871		
688		
250		
298		
59551		
9543		15612
3139		
8505		
3501		
71369		
		4093
		2004
		194
		949
67922		574139
32619		516043
5326		
58455		
3630		66034
3072		
66359		
23011		909560
53919		450572
7469		
9696		
9801		
11729		
93591		72551
79069		
41156		
93639		187689
47135		944431
5253		
5154		
41344		
32024		44957
56931		
50033		
68856		
908026		453272
35427		256514
1896		
23436		
73626		17703
93876		
		8226
		6939
62493		496415
55266		389014
6790		
38805		
54708		30969
34605		
		7087
		958
73905		195220
48663		389157
17364		
44090		56355
95883		
75891		
		1501
		175
		532
		940
		618
11059		550228
69516		817450
83269		
48452		41798
4198		
87467		
		3
43419		619509
11448		405364
24152		
2411		
3037		
2429		
2689		
5702		
3800		
1277		
653		
416		
915		
785		
534		
228		
48796		
95316		28004
6897		
1550		
4934		
260		
25864		
		42726
74972		715995
324899		1716365
824558		3274555
182412		
459366	353988	9477707
147700	75579	
24305		
200942	708768	
3748133	907578	8883537
92524		206095
48757		
70476		99707
8192		
64459		
99529		364040
62195		70260
84696		
48832		91050
11344		
51651		425489
31838		37460
2622		
82180		
2698		36113
3645		
58557		376177
63203		705648
88304		
32484		19954
46595		
50403		726823
58822		98248
41599		
9468		40585
1986		
49706		363862
47987		36344
69757		
1115		64267
2724		
74680		267058
53488		83817
73477		
4210		12317
8609		
1674		
38170		269433
39144		405157
89335		
37986		64765
86234		
23503		134027
90548		60347
90516		
60427		20282
93206		19779
12803		
8507	5316	78886
1830	4088	
3417		
8136		
30043	6879	
48530	7525	488757
27168		308855
71772		
66825		402435
20167		47261
70236		
9386		74625
6696		
81192		233256
13799		608505
45811		
50987		14450
20545		
54995		485665
44086		39910
9476		
78029		
36319		21292
41839		
87251		349607
36071		
1270		
13737		
42526		15287
68496		
77467		51788
23737		82124
77717		
48462		36639
62314		
65001		
77239		932996
1863		17679
3363		
1469		88154
9491		
52146		19023
69088		54834
67029		
3349		98467
5769		
		312
12371		540004
98226		11546
13813		
29651		33389
36868		
41296		
64420		
7721		56977
4395		
10636		
1283		
1940		
7959		
51438		
		16566
		959
		22
32881		912246
50888		
67572		
63022		
8482		84812
4238		
7065		84053
4063		
46405		970348
58419		
84194		
59447		92165
88837		
1141		61447
4449		
43441		198916
49544		89019
53347		
1102		73635
5308		
24470		503124
11454		
64273		
6478		91949
8511		
1378		21177
2498		
9999		20730
31550		32541
74480		
2891	1955	95120
3807	342	
305		
1829	5373	
31433	1975	504313
84244		50482
95176		
8076		90444
3027		
80762		763632
89210		39638
76660		
4155		18874
2776		
31616		542117
3015278	3569	6580542
		834325
		
		
		
		
		561289
		517675
		
		
		261689
23748		76187
		
78635		
88093		
11092		985896
87087		896210
		113813
23009		46364
40319		
1917		9359
6178		
33125		
380		905
1		
122		
		7821
		9765
		435
27687		
589		
209		
108		
678		
436		
51118		
582		
585		
93239		714662
87205		453367
2054		
23273		
36721		745058
20379		
835		
12396		
22		981
9		
79		
926		
772		
		9990
		6071
		792
		345
		278
		905
15832		327243
17576		261936
34722		9948807
87743		
979887		
		99805
		9880
749953		7790489
		
		6976
		948
		214533
		645
		697543
		7869
		246148
		28759
		148
		135860
		
		4174
		42
		634036
		42598
		36418
		952
		308179
		3111
		461
		627749
2028		83169
4659		
6805		
		3083
		921
5103		159302
		723
		234527
		7307
		9348
		997
		353257
70237		909727
1666		
27513		
		9041
		226
74559		999820
46037		8269466
		39307
		2
		5
		8
		8
		1
		9
		5
		6
		8
		60804
		50506
546775		4583486
17046		
88413		
2467		
9428		
251311		
898191		464903
96092		
62912		
6650		
4663		
1199		
890510		
		26784
		56519
		93758
8417896		9057327
78247		352239
75236		
99375		18808
18491		
741862		873931
60912		974039
20813		
16476		99340
24152		
29947		
145890		191929
85851		799042
21871		
93238		13247
45543		
38880		
680281		963120
59924		431617
45549		
79976		
36374		79073
5122		
62070		
79164		299600
78706		366469
27708		
50581		904385
50543		
772451		196153
56640		586806
67210		
89035		46431
54089		
827641		552022
96067		312445
7341		
6722		
606582		
62701		84999
97404		
		43166
131422		571284
24574		614147
74818		
37984		154037
78246		
403345		816641
63828		621089
89184		
94400		48055
15600		
36442		649480
348719		5098019
876575		951566
17401		
964329		
29804		191089
53578		
5560		
4641		
1636		
6665		
93198		
793014		646871
95559		900164
29426		
12515		69664
61851		
		35
		65
39560		714000
42031		61520
84075		
44712		10810
92708		
91278		
61307		
20947		747340
50759		72667
20322		
9133		40130
2626		
38405		
51800		674518
763324		816428
303358		5114219
88864		
121		
339469		
677889		860784
730		
323235		
4		
6		
84		
25		
9824		49574
29		
3583		
		28015
		8544
197848		2681232
62867		853230
35		
77932		
3641		56516
5206		
8577		
2602		
4304		
14		
28493		
		711
50755		875717
47894		286556
602		
58541		
91785		164097
35		
93119		
		459
64546		602551
61282		522883
8216		
10		
95694		
77230		26781
14		
74618		
		275
3		
6		
36197		553075
15094		439541
238		
33875		
1175		74869
34		
6440		
		648
25322		464519
72824		944485
55		
95465		
98413		586912
25		
23496		
527		1337
1		
425		
		5627
		605
41110		852390
14658		707271
50		
		3150
78402		
140		
980		
4		
8		
4		
6		
4		
8		
98436		205657
81645		312205
310		
44026		
46584		84039
5107		
8		
12982		
226		2331
791		
		46
9		
7		
25504		990725
18171		527560
27418		
47798		
17		
91671		
92729		887391
58741		
26		
63819		
		621
831281		691522
252981		4087137
15676		311742
22111		
45476		66436
26647		
		264
804936		348462
60008		24792
12785		
86228		
38329		39563
97199		
		9333
		314
208904		688144
904706		396623
		
		
		
		
		
		
		
		
		
		
		
		
		
		
		
		
		
		
		
		
		
		
		
		
		
		
		
		
		
		
		
		
		
		
		
		
		
		
		
		
		
		
		
		
		
		
		
		
		
		
		
		
		
		
		
		
		
		
		
		
		
		
		
		
		
		
		
		
		
		
		
		
		
		
		
		
		
		
		
		
		
		
		
		
		
		
		
		
		
		
		
		
		
		
		
		
		
		
		
		
		
		
		
		
		
		
		
		
		
		
		
		
		
		
		
		
		
		
		
		
		
		
		
		
		
		
		
		
		
		
		
		
		
		
		
		
		
		
		
		
		
		
		
		
		
		
		
		
		
		
		
		
		
		
		
		
		
		
		
		
		
		
		
		
		
		
		
		
		
		
		
		
		
		
		
		
		
		
		
		
		
		
		
		
		
		
		
		
		
		
		
		
		
		
		
		
		
		
		
		
		
		
		
		
		
		
		
		
		
		
		
		
		
		
		
		
		
		
		
		
		
		
		
		
		
		
		
		
		
		
		
		
		
		
		
		
		
		
		
		
		
		
		
		
		
		
		
		
		
		
		
		
		
		
		
		
		
		
		
		
		
		
		
		
		
		
		
		
		
		
		
		
		
		
		
		
		
		
		
		
		
		
		
		
		
		
		
		
		
		
		
		
		
		
		
		
		
		
		
		
		
		
		
		
		
		
		
		
		
		
		
		
		
		
		
		
		
		
		
		
		
		
		
		
		
		
		
		
		
		
		
		
		
		
		
		
		
		
		
		
		
		
		
		
		
		
		
		
		
		
		
		
		
		
		
		
		
		
		
		
		
		
		
		
		
		
		
		
		
		
		
		
		
		
		
		
		
		
		
		
		
		
		
		
		
		
		
		
		
		
		
		
		
		
		
		
		
		
		
		
		
		
		
		
		
		
		
		
		
		
		
		
		
		
		
		
		
		
		
		
		
		
		
		
		
		
		
		
		
		
		
		
		
		
		
		
		
		
		
		
		
		
		
		
		
		
		
		
		
		
		
		
		
		
		
		
		
		
		
		
		
		
		
		
		
		
		
		
		
		
		
		
		
		
		
		
		
		
		
		
		
		
		
		
		
		
		
		
		
		
		
		
		
		
		
		
		
		
		
		
		
		
		
		
		
		
		
		
		
		
		
		
		
		
		
		
		
		
		
		
		
		
		
		
		
		
		
		
		
		
		
		
		
		
		
		
		
		
		
		
		
		
		
		
		
		
		
		
		
		
		
		
		
		
		
		
		
		
		
		
		
		
		
		
		
		
		
		
		
		
		
		
		
		
		
		
		
		
		
		
		
		
		
		
		
		
		
		
		
		
		
		
		
		
		
		
		
		
		
		
		
		
		
		
		
		
		
		
		
		
		
		
		
		
		
		
		
		
		
		
		
		
		
		
		
		
		
		
		
		
		
		
		
		
		
		
		
		
		
		
		
		
		
		
		
		
		
		
		
		
		
		
		
		
		
		
		
		
