PRIMARY	RUNOFF	GENERAL 		
56937		129063		
18725				
75662				
		26357		
		861		
75662		156281		
				
36295	39169	111645		
21313	26091			
13797				
3349				
74754	65260			
		518		
74754	65260	219028		
				
		199		
		198139		
				
		2007		
		169721		
				
35746		131109		
23525				
11085				
70356				
27814		95192		
10262				
5277				
1751				
45104				
		189		
115460		226490		
				
80725		205288		
25997				
106722				
		4076		
106722		209364		
				
31531	32366	136696		
24490	26481			
22981				
6672				
85674	58847			
6166	11783	51890		
4826	9349			
2804				
2610				
16406	21132			
		138		
102080	79979	188724		
				
474678	145239	1367747		
				
				
405398		968181		
75190				
480588				
160993		515619		
103942				
264935				
		1699		
745523		1485499		
				
74310		175384		
24709				
6605				
105624				
38673		77606		
38673				
		1345		
144297		254335		
144297		254335		
				
				
53872		92931		
55878		90839		
109750				
18035		60045		
6913				
5339				
30287				
		8160		
		2035		
5793		1459		
5793				
		927		
		602		
		458		
		21		
		13		
		8		
		6		
		3		
		2		
		2		
		2		
		2		
		2		
		2		
		2		
		1		
		1		
		1		
		1		
		1		
		1		
		1		
		1		
		1		
		1		
		1		
		1		
		1		
		1		
		1		
		1		
		1		
145830		257538		
				
		6182		
		4422		
		356		
		10960		
		10960		
				
21941		112816		
16328				
11356				
10552				
5846				
2105				
1736				
1530				
71394				
46902		99233		
46902				
23		14869		
23				
118319		226918		
				
81252		173173		
19220				
100472				
32503		82891		
32503				
318		10820		
318				
		8		
		2		
133293		266894		
				
17400		108689		
14211				
13850				
13411				
6473				
6138				
3886				
1353				
1141				
1044				
78907				
27388		85610		
27388				
392		10478		
1				
393				
5		3294		
5				
106693		208071		
				
24613		61524		
24613				
8085		25300		
5368				
13453				
219		2718		
219				
148		2365		
148				
38433		91907		
				
26678		110374		
18480				
17297				
7156				
1157				
884				
71652				
29716		91749		
29716				
306		10127		
306				
4				
4				
101678		212250		
				
62285		165649		
34137				
96422				
26220		72615		
26220				
28		7712		
28				
6		3407		
6				
122676		249383		
				
33931		79935		
33931				
15455		70385		
7044				
3702				
2737				
1394				
30332				
		4506		
159		4318		
121				
280				
64543		159144		
				
55530		138280		
55530				
43097		134124		
37066				
6613				
1933				
502				
89211				
482		11174		
482				
145223		283578		
				
830858		1698145		
				
				
333744		1005615		
190229				
69328				
593301				
100307		592011		
76487				
68589				
44435				
48				
289866				
2669		80097		
2669				
1948		24603		
1948				
		5938		
		160		
		39		
		14		
		7		
887784		1708484		
				
14461		93224		
5682				
20143				
25854	39402	78267		
36809	37156			
14158				
9650				
5094				
4270				
95835	76558			
		8320		
		196		
		9		
115978	76558	180016		
				
24610		122091		
15285				
39895				
30420	37021	80687		
21299	31844			
14800				
5032				
5021				
76572	68865			
		4421		
		3599		
		40		
		14		
116467	68865	210852		
				
19414	18334	148581		
8253	17080			
8088				
7092				
6088				
6037				
4801				
2491				
62264	35414			
62264	35414	205123		
				
9761		71526		
7867				
17628				
		4129		
17628		178134		
312337	180837	774125		
				
				
75010		451618		
24826				
16540				
7128				
6928				
5551				
4389				
1888				
142260				
146579	134756	288156		
140081	124405			
42695				
329355	259161			
		25234		
		14430		
		376		
		143		
				
471615	259161	779957		
				
74695		147307		
74695				
28115		72803		
18383				
46498				
1818		8486		
1818				
657		5996		
657				
123668		234592		
				
57272		130837		
30487				
87759				
42334		98092		
42334				
		11		
130093		228940		
				
71918		131169		
71918				
49022		113128		
49022				
1614		6577		
1614				
581		6275		
581				
121		4789		
121				
123256		261938		
				
89443		186397		
24528				
113971				
50400		95653		
50400				
728		22179		
728				
165099		304229		
				
56762		124220		
56762				
14588		43577		
11148				
25736				
168		4594		
168				
		19		
82666		172410		
				
92204		172216		
11				
92215				
27770		77361		
13136				
40906				
185		5915		
185				
617		5660		
617				
27				
27				
133950		261152		
				
52210		122118		
9188				
61398				
15245		56798		
6242				
3662				
1564				
26713				
88111		178916		
				
77175		167957		
77175				
7013		31771		
5766				
12779				
216		5161		
216				
361		4843		
361				
		24		
90531		209756		
				
82951		180400		
82951				
10067		23054		
10067				
1915		4848		
1915				
292		4113		
292				
205		1670		
205				
95430		214085		
				
62138		137578		
62138				
25331		88512		
21060				
46391				
502		7716		
502				
1058				
1058				
110089		233806		
				
48772		115361		
48772				
24626		112703		
18300				
13355				
11306				
67587				
1291		12439		
1291				
117650		240503		
				
64770		152044		
64770				
20460		44475		
576				
21036				
313		4611		
313				
		32		
86119		201162		
				
48603		118278		
9021				
57624				
10591		45575		
8831				
19422				
		525		
77046		164378		
				
66978		151217		
66978				
17783		60917		
15783				
33566				
624		6735		
624				
101168		218869		
				
57662		126147		
57662				
12992		60468		
12314				
8200				
33506				
91168		186615		
				
48757		105841		
48757				
2935		37913		
285				
3220				
319		12304		
319				
52296		156058		
				
52689		118734		
6653				
59342				
17790		53176		
6192				
5125				
12				
29119				
600		3397		
600				
334		2742		
334				
		90		
89395		178139		
				
28748		72853		
28748				
23978		51716		
23978				
52726		124569		
				
26594		128394		
22355				
15196				
9126				
73271				
20452		69912		
18457		596		
38909				
112180		198902		
				
19599		46247		
5122				
24721				
13770		43197		
4347				
1471				
19588				
44309		89444		
				
55299		135979		
55299				
367				
367				
55666		135979		
				
77140		173490		
77140				
		2173		
77140		175663		
				
52305		111768		
52305				
15108		72744		
9429				
7044				
6670				
3626				
41877				
		5625		
434		3326		
434				
94616		193463		
				
71041		144055		
71041				
19832		96279		
12526				
9494				
41852				
112893		240334		
				
47544		118308		
47544				
23546		73028		
23546				
71090		191336		
				
42400		112774		
16220				
58620				
28951		76093		
28951				
705		12784		
705				
308		6696		
308				
88584		208347		
				
31724		102927		
31724				
14172		55056		
11772				
25944				
57668		157983		
				
26092		88385		
5203				
31295				
10732		28493		
10732				
145		10229		
145				
42172		127107		
				
31832		104374		
31832				
24172		51534		
24172				
212		5218		
212				
56216		161126		
				
55952		153663		
55952				
10270		75948		
10231				
4321				
4264				
2444				
31530				
301		5021		
301				
65		3115		
65				
87848		237747		
				
20550		76363		
2795		3		
23345				
5256		14740		
5256				
28601		91106		
				
21718		77759		
21718				
11567		31697		
11567				
33285		109456		
				
41250		131990		
3096				
2075				
1937				
48358				
3785		21342		
1956				
1627				
11				
7379				
		1		
55737		153333		
				
14309		69382		
5917				
20226				
7042		20457		
7042				
27268		89839		
				
32946		98131		
32946				
7343		25561		
7343				
		2		
40289		123694		
				
27146		114489		
18792				
45938				
16679		66706		
14254				
2278				
33211				
339		10840		
339				
79488		192035		
				
22574		85799		
6144				
2848				
1955				
33521				
9894		29159		
9894				
		10560		
43415		125518		
				
22447		85459		
22447				
10324		30883		
17				
10341				
32788		116342		
				
23125		81590		
23125				
17062		42037		
17062				
342		5334		
342				
40529		128961		
				
55351		119455		
55351				
25518		59400		
25518				
80869		178855		
				
42462		127857		
21607				
64069				
30159		74394		
30159				
		35		
94228		202286		
				
32669		127161		
25181				
7113				
2041				
67004				
23366		65122		
23366				
371		12115		
371				
90741		204398		
				
18529		70026		
18529				
13232		36890		
13232				
31761		106916		
				
37327		107482		
18994				
56321				
27283		85784		
27283				
83604		193266		
				
42981		106472		
17940				
60921				
33235		87141		
33235				
951		13188		
951				
95107		206801		
				
67156		139822		
67156				
19735		84940		
13875		20		
33610				
100766		224782		
				
17409		50832		
17409				
10706		37679		
5017				
3876				
19599				
		7443		
37008		95954		
				
72658		145481		
72658				
30818		88465		
30818				
568		8773		
568				
104044		242719		
				
60447		119088		
60447				
25948		59714		
25948				
1141		6585		
1141				
395		4290		
395				
87931		189677		
				
72605		142247		
72605				
29926		97818		
15370				
45296				
587		5546		
587				
68		5470		
68				
118556		251081		
				
40628		86423		
40628				
27286		57488		
27286				
		5		
67914		143916		
				
72506		139460		
7355				
79861				
24639		70870		
9936				
34575				
548		10732		
548				
114984		221062		
				
42976		104800		
42976				
10780		57230		
7251				
6751				
6527				
31309				
506		6298		
506				
74791		168328		
				
4274547		9647873		
				
				
1957920		5218137		
338442				
123573				
2419935				
1315429		4217386		
504289				
452577				
42149				
19598				
2334042				
17791		175235		
17791				
4070		135088		
4070				
19983		128512		
19983				
16704		125435		
14170				
11423				
42297				
		41		
		11		
		10		
		5		
4838118		9999860		
				
57527		140073		
57527				
13970		59747		
13970				
216		2867		
147				
363				
71860		207751		
				
47347		148768		
47347				
23439		98194		
10353				
33792				
		7		
81139		259116		
				
39346		131227		
31214				
70560				
46148		121114		
46148				
		5018		
		23		
		11		
116708		263138		
				
57358		138634		
57358				
33982		109249		
33982				
		3986		
91340		264181		
				
60906		152829		
60906				
20814		68039		
20814				
81720		232434		
				
81067		217400		
81067				
37950		104159		
37950				
		7		
119017		331037		
				
40534		112667		
40534				
26765		88026		
14835				
41600				
82134		210810		
643918		1768467		
				
184714		854685		
156419				
341133				
211099		824789		
198231				
409330				
1186		22646		
1075				
2261				
		19450		
		11351		
		5780		
		52		
		20		
		11		
752724		1777668		
				
		7902		
11438		84076		
7791				
				
19229				
		2564		
		955		
		3		
19229		226038		
				
		6860		
11344		95671		
9872				
5044				
				
26260				
		3344		
		27		
		19		
26260		246809		
				
		9021		
				
				
		2984		
		5		
		220661		
				
		4605		
16494		102030		
6578				
4465				
				
				
				
27537				
		10		
27537		217391		
				
		4648		
		2310		
11287		102092		
9267				
8259				
				
				
				
28813				
		20		
		2		
28813		227303		
101839		1138202		
				
		30836		
				
				
		11275		
60479		498341		
34011				
27831				
				
				
122321				
		6735		
		559		
		45		
		45		
		31		
		17		
		15		
		7		
		5		
122321		1153115		
				
27343		125442		
26789				
2082				
56214				
		3704		
		1986		
		961		
56214		305636		
56214		305636		
				
				
30563		123053		
27021				
57584				
		8201		
		2101		
		25		
		10		
57584		307402		
				
116277		117990		
11857				
798				
128932				
1919		8109		
281				
2200				
229		4413		
195				
90				
514				
		1359		
		785		
131646		132656		
131646		132656		
				
		23250		
		18253		
		1202		
		213526		
				
28269		136371		
14483				
6447				
6164				
4965				
60328				
42415		105211		
40017				
82432				
		7135		
		5705		
		16		
142760		254438		
				
35312		94744		
8718				
44030				
8919		50932		
6871				
3718				
19508				
		4625		
63538		150301		
				
		52540		
		40		
		27		
		230845		
				
52586		208815		
31969				
84555				
84555		309673		
				
50432		179349		
20111				
70543				
		71632		
70543		250981		
				
		268676		
				
24753		123586		
14082				
8311				
6507				
4394				
1896				
1645				
61588				
		8337		
		4143		
		11		
61588		220244		
				
16646		66158		
11396				
28042				
28042		231591		
				
		209256		
				
29556		91328		
5097				
34653				
11111		61817		
6640				
3093				
2777				
23621				
58274		153145		
				
33212		102704		
14936				
48148				
24820		87769		
8207				
33027				
		22857		
81175		213330		
				
61517		183811		
12197				
73714				
18325		83123		
13998				
32323				
106037		266934		
				
		11825		
		274691		
				
		242674		
				
20830		80327		
9917				
30747				
		151		
30747		242763		
				
17047		106361		
7986				
5900				
5080				
4173				
2967				
2750				
2693				
856				
49452				
		17009		
49452		123370		
				
		148595		
				
		228		
		211059		
				
7596		63845		
7143				
4284				
19023				
		1663		
		1272		
		3		
19023		167570		
				
				
				
30024		118890		
9137				
39161				
24030		99804		
4395				
28425				
67586		218694		
				
		126480		
				
19898		146129		
19355				
18282				
6446				
2079				
66060				
28503		98787		
8162				
36665				
		115		
102725		245031		
				
19228		74859		
8158				
3272				
30658				
12459		61138		
3950				
16409				
		4312		
		3244		
47067		143553		
1013112		5117420		
				
1069936		2645743		
112080				
82426				
1264442				
528266		1092936		
284948				
59840				
45219				
918273				
		1607549		
		24850		
		15340		
		7397		
		4792		
		4443		
		4301		
		3647		
		47		
		18		
		18		
		13		
		6		
		4		
		2		
2182715		5411106		
				
49787		117270		
49787				
16828		46449		
16828				
66615		163719		
				
31255		86520		
31255				
23945		81673		
3283				
2393				
29621				
60876		168193		
				
63787		168304		
63787				
18676		73932		
18676				
		3		
82463		242239		
				
28095		131760		
13407				
9411				
50913				
9549		44707		
4455				
1741				
1697				
17442				
68355		176467		
				
44379		130782		
44379				
8758		46622		
5937				
14695				
59074		177404		
				
70049		198100		
70049				
		188		
70049		198288		
				
27634	39987	160898		
20034	31426			
15249				
4608				
3052				
2837				
1648				
1083				
76145	71413			
15130		78996		
15130				
91275	71413	239894		
				
22191		102770		
13228				
6959				
42378				
28819		92250		
28819				
71197		195020		
				
38851	41878	173512		
20957	33975			
11529				
5051				
1362				
782				
78532	75853			
78532	75853	173512		
				
56653		138062		
56653				
17075		66905		
17075				
73728		204967		
				
58447		163515		
58447				
58447		163515		
				
19505		92459		
14201				
33706				
11709	14256	70938		
7677	8724			
5040				
3051				
27477	22980			
61183	22980	163397		
				
34374		140294		
7556				
3229				
45159				
7234	15286	61771		
6538	7349			
4137				
3113				
2322				
1257				
24601	22635			
69760	22635	202065		
911554	192881	2468680		
				
558298		1489904		
558298				
297226		996516		
55159				
352385				
		68750		
		52		
		24		
		12		
910683		2555258		
				
7633		35919		
95				
7728				
710				
710				
		1502		
8438		37421		
8438		37421		
				
				
85732		94140		
22874				
108606				
21622		82723		
397				
177				
22196				
130802		176863		
				
88803		132290		
88803				
8020		46404		
7809				
1163				
16992				
146		3254		
146				
313		1310		
313				
106254		183258		
237056		360121		
				
198711		277228		
26411				
225122				
23033		79939		
7483				
3891				
34407				
280		7762		
280				
247		2957		
247				
507		2697		
507				
260563		370583		
				
38711		126231		
31582				
5356				
3168				
2471				
81288				
11407		102135		
11407				
		14365		
		4696		
92695		247427		
				
45148		137468		
18644				
7452				
6214				
77458				
13291		48749		
13291				
		13500		
90749		199717		
183444		447144		
				
				
127332		319953		
33150				
160482				
18340		112057		
6227				
24567				
		17429		
		91		
185049		449530		
				
68585		148170		
8035				
5203				
4232				
86055				
18		29253		
18				
201		6963		
201				
86274		184386		
				
79962		150666		
79962				
6632		25883		
6632				
128		10564		
86				
214				
86808		187113		
				
57684		116120		
16372				
74056				
18520		40479		
18520				
286		10028		
286				
92862		166627		
				
34000		63273		
34000				
319		6808		
319				
34319		81792		
				
56667		108360		
56667				
5689		38935		
4722				
3942				
14353				
193		6140		
137				
88				
418				
71438		153435		
				
53081		114456		
53081				
23542		65379		
23542				
76623		179835		
				
52728		149846		
10851				
10173				
5221				
78973				
8365		29575		
8365				
		4428		
226				
226				
87564		183849		
				
16162		98115		
11708				
9803				
4267				
3921				
1445				
47306				
25000		97825		
25				
25025				
207		6495		
207				
72538		202435		
				
62763		117553		
62763				
13566		55182		
13566				
191		4472		
147				
338				
76667		177207		
				
19691		109941		
16149				
7595				
7260				
1078				
51773				
25490		105290		
24531				
2838				
52859				
		1		
104632		215232		
				
32233		129108		
5257				
4880				
4555				
3701				
50626				
29015		96019		
29015				
79641		225127		
				
44913		121272		
44913				
14995		74046		
13510				
28505				
353		7387		
353				
73771		202705		
				
58294		152132		
58294				
33290		86281		
33290				
91584		238413		
				
34833		112369		
28840				
63673				
25446		98645		
1				
25447				
268		7949		
268				
		50		
89388		219013		
				
68621		136915		
68621				
21617		75948		
21617				
90238		212863		
				
54060		138299		
54060				
18021		66037		
18021				
295		8425		
295				
72376		212761		
				
33659		104583		
33659				
34427		85454		
34427				
219		8861		
219				
68305		198898		
				
60653		152868		
60653				
13683		57046		
11566				
25249				
258		11256		
258				
86160		221170		
				
48680		166166		
8363				
57043				
30999		67132		
30999				
88042		233298		
1529230		3696159		
				
				
420373		1778698		
142928				
66357				
54038				
37480				
21090				
2				
742268				
352202		1719478		
304757				
179682				
51813				
16317				
2				
904773				
5161		117914		
5161				
		87247		
		561		
		468		
		33		
		19		
		16		
		15		
		12		
		9		
		3		
1652202		3704473		
				
				
		1677729		
		1641486		
		129571		
		95762		
		683		
		415		
		297		
		15		
		12		
		8		
		5		
		1		
		3545984		
				
41982		99387		
41982				
6385		65558		
5783				
3482				
3469				
3320				
1505				
1194				
754				
25892				
67874		169707		
				
26659		91341		
26659				
29118		88803		
13576				
3762				
1415				
47871				
74530		189591		
				
38441				
27068				
12851				
2127				
80487				
8759		61267		
2212				
10971				
		10		
		1		
91458		185049		
				
				
		7914		
		184209		
				
36411		138732		
14712				
6991				
5493				
3549				
3531				
3444				
2972				
2407				
2161				
1737				
1562				
981				
85951				
7615		53167		
4253				
2905				
14773				
100724		202322		
				
32769		146899		
30502				
20679				
9805				
9372				
3964				
3352				
110443				
9937		60024		
6386				
16323				
		11218		
126766		236407		
				
61381		126027		
61381				
17479		56647		
10287				
27766				
89147		189309		
				
26364		86011		
2150				
737				
354				
29605				
11193		55213		
9325				
4728				
25246				
54851		146039		
				
16262		116759		
14273				
4715				
4697				
4324				
2523				
1469				
1410				
49673				
31685		76265		
31685				
81358		203264		
				
19141		118040		
17909				
16868				
1453				
55371				
37493		95353		
7628				
4679				
2399				
1685				
53884				
		69		
109255		225532		
795963		1931429		
				
217225		952116		
160981				
124494				
24664				
23005				
550369				
		161		
		99		
550369		1744481		
				
12316		104428		
70				
12386				
14048		100219		
6067				
3347				
3076				
77				
26615				
		4087		
		2092		
		76		
39001		210902		
				
13324		115839		
118				
13442				
18830		104319		
8155				
5365				
4749				
47				
37146				
		4356		
		2463		
		198		
50588		227175		
				
13107		122147		
338				
13445				
19469		111925		
13022				
9989				
1981				
690				
572				
464				
36				
46223				
		6258		
		426		
59668		240756		
				
42605		152588		
267				
42872				
11374		74300		
53				
11427				
		5499		
		132		
54299		232519		
				
47117		128363		
370				
47487				
7119		63160		
2261				
26				
9406				
		3622		
		94		
56893		195239		
260449		1106591		
				
197194		718215		
3926				
201120				
52715		371686		
8728				
6357				
177				
67977				
		25290		
		872		
269097		1116063		
				
34819		142281		
25047				
21161				
9296				
7892				
1768				
99983				
15399		44068		
15399				
115382		192886		
				
41458		130034		
31085				
72543				
10030		66588		
8086				
4579				
22695				
95238		205975		
				
32210		136246		
26695				
2664				
2581				
2099				
1934				
1873				
1633				
820				
72509				
16756		90193		
4709				
21465				
93974		233285		
				
31180		119575		
19099				
18365				
10294				
1596				
80534				
17146		74143		
4358				
21504				
102038		203383		
406632		835529		
				
163483		587175		
146702				
10256				
8278				
328719				
25695		220971		
19426				
15731				
13481				
7857				
82190				
410909		837692		
				
		215930		
				
		229655		
				
22048		112627		
10674				
7167				
2595				
42484				
		2029		
		1334		
42484		255930		
				
		218507		
				
27552		44034		
23322				
16332				
67206				
67206		195053		
				
31255		119164		
4789				
4070				
3454				
3438				
1880				
48886				
		225		
		22		
48886		239223		
158576		1354298		
				
				
206986		755706		
124864				
7861				
6885				
2850				
2829				
352275				
229433		600052		
225259				
28530				
20561				
17874				
521657				
		338		
873932		1356096		
				
		4578		
		200176		
				
14678		83705		
5171				
2500				
1914				
24263				
		1876		
		645		
24263		129604		
				
10396	19657	108963		
7570	10549			
2987				
20953	30206			
20953	30206	170877		
				
10145		54609		
2365				
12510				
		8962		
12510		168794		
				
14031		122033		
1744				
15775				
		33279		
15775		155312		
				
		211184		
				
				
73501	30206	1035947		
				
				
85225		715415		
6841				
5232				
97298				
77809		476572		
19521				
12853				
110183				
1530		13957		
953				
2483				
		9973		
		9190		
		8167		
		7474		
		5734		
		4810		
		4043		
		3780		
209964		1264994		
				
57799		169114		
57799				
44440		128501		
44440				
		20		
		22		
102239		297657		
				
45628		147042		
45628				
42454		119669		
42454				
88082		266711		
190321		564368		
				
46227		155118		
22409				
68636				
42762		120400		
42762				
		242		
		158		
		18		
111398		286812		
				
42262		134133		
7405				
3841				
3575				
57083				
10427		69523		
5904				
2633				
2593				
1067				
22624				
		158		
79707		208904		
				
54710		147448		
5456				
2989				
1425				
1307				
65887				
8856		86947		
6906				
6597				
2215				
24574				
		188		
90461		241429		
				
56737		160228		
5972				
2833				
2355				
67897				
6828		31467		
6828				
		325		
74725		192020		
				
58717		155110		
6682				
3147				
68546				
16773		83575		
9001				
1631				
1530				
28935				
		120		
97481		241383		
				
49056		148820		
11124				
4822				
3860				
1379				
70241				
21605		80455		
11449				
33054				
		191		
103295		242189		
				
59649		152669		
5884				
65533				
7306		46375		
3982				
1766		20		
13054				
		135		
		55		
78587		203068		
				
57847		153613		
4392				
62239				
4717		52421		
4665				
3073				
2242				
14697				
		224		
76936		209667		
712590		1825472		
				
396252		1140531		
36194				
15335				
11049				
8092				
7684				
6911		80		
481517				
93490		655666		
74404				
14270				
13869				
9517				
8611				
8265				
6738				
6011				
5161				
2981				
243317				
		1644		
		204		
		110		
		84		
		56		
		14		
		6		
724834		1833858		
				
43363		128011		
199				
43562				
13354		74418		
69				
13423				
		10880		
		55		
56985		213364		
				
31053		122751		
416				
31469				
10780		91209		
8403				
40				
19223				
		164		
50692		214124		
				
32108		122708		
275				
32383				
6963		85124		
5584				
3701				
3139				
2864				
125				
22376				
		9388		
		132		
54759		217352		
				
39974		126194		
10289				
83				
50346				
11797		101517		
7782				
79				
19658				
		3445		
		2873		
		98		
70004		234127		
				
29773		122858		
326				
30099				
11384		94646		
7601				
6143				
4351				
50				
29529				
		4387		
		1991		
		147		
59628		224029		
				
28136		142732		
530				
28666				
20765		107930		
6345				
109				
27219				
		419		
55885		251081		
				
35573		145696		
435				
36008				
9382		73467		
7302				
75				
16759				
		194		
52767		219357		
				
32198		134974		
345				
32543				
		2686		
650				
178				
828				
33371		137660		
				
42527		157071		
23109				
88				
65724				
10261		59965		
6026				
135				
16422				
		12572		
		356		
82146		229964		
				
29953		132743		
28656				
208				
58817				
31851		120029		
16060				
2364				
2237				
82				
52594				
		16705		
		10445		
		3084		
		191		
111411		283197		
627648		2224255		
				
27077		120523		
27062				
5418				
4980				
3969				
2490				
70996				
27996		94824		
27996				
		7847		
98992		232037		
				
27041		148864		
26378				
23226				
20584				
4517				
2401				
2332				
106479				
12375		72118		
8272				
20647				
127126		228078		
				
38569		133714		
25157				
22715				
5133				
4020				
95594				
14114		83953		
6480				
20594				
116188		224063		
				
76619		148531		
76619				
20951		68458		
20951				
97570		224354		
				
34902		107286		
9596				
44498				
22177		89680		
17643				
39820				
84318		202263		
				
42182		123142		
31660				
73842				
18060		66729		
18060				
				
91902		198696		
				
41784		113185		
23505				
7413				
72702				
23806		102402		
23806				
		21		
96508		225669		
				
78047		156931		
19		2		
78066				
1703		84069		
26653				
28356				
		11		
106422		244894		
				
37843		125730		
37843				
33459		119325		
22298				
15949				
8006				
79712				
		1866		
		644		
117555		252650		
				
84426		168364		
84426				
23310		58530		
23310				
107736		233930		
				
65688		141224		
65688				
27295		91710		
27295				
92983		238287		
				
42732		124671		
13480				
56212				
33823		71372		
33823				
90035		204117		
				
22573		100885		
19507				
2038				
1872				
893				
820				
47703				
10153		23462		
10153				
		881		
		1		
57856		127076		
				
44902		115511		
44902				
7435		29902		
5978				
13413				
58315		150478		
				
40642		118336		
40642				
18358		83488		
11946				
4488				
1374				
36166				
		9		
76808		208309		
1420314		3194901		
				
		3054		
		102		
		248005		
				
16151		181341		
16151				
19990		104809		
16528				
36518				
		303		
52669		286453		
				
		167		
		274092		
				
55491		136746		
8622				
64113				
6949		80141		
3392		10		
10341				
1550		14207		
1550				
		283		
		39		
76004		231426		
				
55424		154833		
7963				
4575				
67962				
4975		55222		
4975				
		8548		
1202		7446		
1202				
		2468		
		229		
74139		228746		
				
17237		159476		
17237				
28185		120846		
12603				
40788				
1418		17698		
1418				
		5490		
		178		
		3		
59443		303691		
				
42104		133096		
42104				
11417		90652		
7315				
18732				
		9317		
2242		7839		
2242				
		193		
63078		241097		
				
26608		133490		
26608				
56510		129091		
13710				
70220				
2515		11876		
2515				
		2492		
		132		
99343		277081		
424676		2090591		
				
20236		121074		
12894				
5924				
39054				
		2180		
		2020		
		1882		
		478		
39054		219093		
				
2232	2230			
2231	3126	64499		
1957				
6420	5356			
		1530		
6420	5356	171356		
				
3805		60737		
2138				
1328				
7271				
7271		194716		
				
15556		105613		
11663				
27219				
27219		203384		
79964	5356	788549		
				
37041		135907		
8546				
45587				
10305		43649		
4532				
1467				
16304				
150		5223		
141				
291				
62182		184779		
				
72269		180481		
9494				
3692				
85455				
24227		77467		
24227				
562		7677		
562				
		7		
110244		265632		
				
36976		99398		
6467				
2697				
46140				
22266		94757		
7478				
5379				
35123				
418		5772		
418				
277		3155		
277				
		3		
81958		203085		
				
35860		113489		
26573				
7969				
4259				
3702				
3197				
2658				
2484				
1928				
88630				
25919		101532		
6268				
32187				
165		6123		
161				
326				
296		3912		
296				
121439		225056		
				
34117		102076		
34117				
23078		84578		
3963				
3469				
2748				
1185				
34443				
310		3077		
310				
192		1692		
192				
69062		191423		
				
54566		154103		
11608				
66174				
30233		67762		
30233				
		47		
96407		221912		
				
38218		141010		
30401				
14561				
9312				
4552				
4473				
2173				
844				
104534				
9210		67545		
5489				
14699				
354		13866		
354				
		10		
119587		222431		
				
47880		128499		
25118				
72998				
27874		56377		
27874				
		7193		
241		3930		
241				
101113		195999		
				
59684		162724		
12248				
71932				
291		46817		
229				
520				
		748		
		69		
72452		210358		
834444		1920675		
				
				
411040		1054160		
75663				
40744				
15099				
8731				
8525				
8047				
6309				
5190				
579348				
266349		789736		
33731				
17511				
317591				
2069		58663		
1460				
3529				
819		41309		
554				
511				
1884				
		14		
		7		
		4		
		3		
		2		
		1		
902352		1943899		
				
96796		217696		
25344				
7461				
129601				
24014		121954		
15177				
13170				
10138				
62499				
192100		360341		
192100		360341		
				
55283		116871		
6536				
3800				
65619				
2107				
464				
253				
2824				
11573		47106		
11283				
4014				
3927				
30797				
676				
564				
173				
131				
1544				
100784		163977		
				
18172		93840		
10445				
28617				
371				
306				
677				
12333		60486		
12333				
135				
135				
41762		154326		
				
65539		117275		
8930				
74469				
125				
49				
174				
16425		29932		
16425				
43				
43				
		20036		
91111		167243		
233657		485546		
				
7214		58995		
5922				
5277				
4318				
2051				
1293				
456				
440				
26971				
		2847		
		2118		
26971		167206		
				
72728		169458		
14162				
86890				
18609		87421		
18259				
4156				
41024				
		10829		
127914		267708		
				
36898		128916		
8853				
6066				
1812				
53629				
32119		127168		
7846				
39965				
		6473		
		4026		
		1291		
93594		267874		
248479		702788		
				
				
87366		362785		
12335				
9715				
4644				
1938				
115998				
70424		321361		
45871				
40926				
6926				
4803				
3090				
1483				
698				
462				
355				
235				
223				
178				
175674				
		16197		
		5811		
		4261		
		3185		
		3175		
		2510		
		2119		
291672		721404		
				
22237		121655		
19418				
19376				
5337				
1158				
1051				
702				
397				
146				
69822				
19405		95503		
717				
20122				
		7966		
		299		
89944		225423		
				
27457		108610		
22868				
11145				
1757				
1192				
218				
64637				
25431		105060		
10100				
320				
35851				
		6197		
		4796		
		439		
100488		225102		
190432		450525		
				
53056		273218		
51397				
19508				
12611				
1388				
499				
402				
138861				
49845		167545		
49845				
		9194		
		4753		
		439		
188706		455149		
				
14695		106334		
2262				
16957				
5315		58562		
2718				
1401				
264				
9698				
		1593		
		1257		
		521		
26655		168267		
				
19337		109460		
2984				
2451				
24772				
5441		51690		
5441				
		4120		
		727		
		1123		
30213		167120		
				
17250		110215		
11304				
28554				
11833		104252		
3916				
15749				
		3284		
		1445		
		1113		
44303		220309		
				
21723		129752		
9839				
31562				
7976		52118		
7976				
		2912		
		1574		
		582		
39538		186938		
				
29523		124030		
29523				
5711		62634		
1478				
7189				
		2347		
		1646		
		336		
36712		190993		
				
11667		81933		
11667				
6804		65413		
6721				
13525				
		1299		
		1017		
25192		149662		
				
17200		105084		
9475				
2534				
1448				
30657				
8176		71902		
8176				
38833		176986		
				
13213		88478		
13213				
5739		51023		
1333				
7072				
		1707		
20285		141208		
				
14973		83564		
14973				
5830		52082		
3629				
567				
10026				
		1980		
24999		137626		
				
22155		95299		
22155				
1061		14357		
1061				
		1141		
		1080		
23216		111877		
				
32631		122149		
10060				
42691				
6192		55472		
2466				
8658				
		4179		
51349		181800		
				
14480		108214		
14480				
8927		93634		
7569				
16496				
		2154		
30976		204002		
				
16022		62840		
2409				
18431				
2436		19538		
2436				
		1508		
		910		
20867		84796		
413138		2121584		
				
32173		112707		
32173				
32743		104543		
32743				
64916		217250		
				
33021		94053		
5913				
38934				
26321		75709		
26321				
65255		169762		
				
44967		120057		
44967				
23301		90621		
9372				
32673				
77640		210678		
207811		597690		
				
11557		78300		
7774				
6312				
25643				
1358		19423		
301				
191				
1850				
		125		
27493		196164		
				
		1258		
		30		
		168097		
				
21915		109039		
2231				
24146				
		0		
		67		
24146		183087		
				
11194		69323		
8241				
3192				
14				
22641				
		0		
		52		
22641		176253		
				
19394		66564		
6258				
25652				
4489		36861		
2862		798		
7351				
		53		
33003		114583		
				
		72		
		96994		
				
		1038		
		41		
		88471		
				
		93		
		130928		
				
		65		
		110205		
				
21846		95485		
9733				
34				
31613				
		82		
31613		104839		
				
		44		
		115199		
				
		59		
		73165		
				
9631		55821		
4476				
10				
14117				
		929		
		72		
14117		126798		
				
33499		98953		
6799				
176				
40474				
4107		32065		
1754				
680				
32				
6573				
		142		
47047		143042		
				
26101		83633		
11834				
6444				
2703				
2634				
1210				
142				
51068				
		0		
		938		
		2647		
		257		
51068		113686		
				
		38		
		64438		
				
3730		29792		
3573				
7303				
		82		
7303		130881		
				
		67		
		186099		
				
19483		88734		
8614				
28097				
		516		
28097		209238		
				
		99		
		237352		
				
		150		
		210791		
				
		73		
		187421		
				
16311		73646		
15660				
31971				
		115		
31971		173091		
				
		4185		
		292		
		191700		
				
		178		
		208734		
				
		49		
		205805		
				
		10		
		195415		
				
		41		
		157947		
				
				
		5642		
		527		
		198940		
				
				
		87767		
		13028		
		5112		
		74021		
		6459		
		186387		
318499		4685750		
				
				
				
234440		1239605		
188628				
423068				
		42341		
		24871		
		1281		
423068		4596796		
				
				
				
464512		2479393		
145491				
610003				
185483		1338308		
167151				
91312				
443946				
		35489		
		18414		
		17019		
		11787		
		4516		
		1169		
1053949		4508771		
				
46509		103294		
17262				
63771				
3774		70867		
2220				
1252				
1097				
8343				
72114		174161		
				
9171		93876		
4280				
3190				
16641				
16641		189774		
				
21551		143225		
4221				
2261				
28033				
28033		199304		
				
10449		116448		
9228				
1967				
1077				
22721				
22721		271832		
				
38174		140525		
9639				
47813				
47813		213287		
				
31663		156252		
7929				
7553				
1468				
1095				
168				
49876				
49876		207759		
				
17177		98328		
11629				
4862				
33668				
33668		212285		
				
24541		88776		
14600				
39141				
8567	9261	73129		
9548	5928			
4757				
2141				
466				
428				
25907	15189			
		240		
		199		
65048	15189	167442		
				
		230240		
				
27657		130813		
11392				
3604				
1181				
43834				
9621		52972		
9277				
18898				
62732		183785		
				
26223		131225		
16507				
42730				
14059		110246		
11949				
4103				
2777				
1254				
791				
34933				
77663		241471		
				
4787	1449	55315		
5506	1352			
3656				
13949	2801			
13949	2801	162007		
				
5738	3807	93099		
5603	2655			
4749				
1515				
17605	6462			
17605	6462	209202		
507863	24452	2662549		
				
				
297993		1458046		
37616				
22111				
14248				
371968				
154605	95390	1145074		
115851	63691			
72510				
35984				
29738				
16655				
425343	159081			
		1198		
		64		
		10		
797311	159081	2660079		
				
54662		129802		
6441				
83				
2				
1				
1				
61190				
28329		106542		
75				
28404				
75				
3				
2				
2				
1				
1				
1				
1				
1				
1				
1				
1				
1				
1				
1				
1				
1				
1				
1				
1				
1				
1				
1				
1				
102				
		793		
89696		237137		
89696		237137		
				
				
65075		181689		
130				
65205				
26258		52955		
91				
4				
26353				
535		3890		
13				
548				
		278		
92106		238812		
				
		4852		
		2744		
		2049		
		1707		
		11352		
		11352		
				
33544		103770		
33544				
20628		92672		
4241				
24869				
124		3076		
93				
217				
46		2000		
46				
58676		201518		
				
36214		139027		
13007				
5235				
4225				
58681				
10342		82431		
9388				
5404				
25134				
227		16259		
227				
		128		
84042		237845		
				
50317		152629		
8267				
58584				
25365				
25365				
83949		224084		
				
				
2561				
2123				
1077				
5761				
5761				
				
56093		146029		
56093				
18250		50533		
18250				
123		7708		
123				
74466		204270		
				
42827		140703		
8754				
51581				
18442		54919		
18442				
277		11831		
277				
70300		207453		
				
14103		103170		
12406				
6637				
33146				
34772		92823		
15674				
50446				
54		5077		
54				
93		4505		
93				
83739		205575		
				
46072		135721		
9535				
55607				
12780		70400		
10760				
4010				
27550				
230		9381		
230				
109		2811		
109				
83496		218313		
				
50555		142731		
6266				
2890				
59711				
18118		65883		
18118				
239		5121		
239				
96		3701		
96				
78164		217436		
				
33637		121819		
5256				
38893				
207				
183				
390				
20675		83423		
8348				
29023				
68306		205242		
				
47976		101343		
47976				
16678		83809		
5275				
21953				
292		5874		
292				
70221		191026		
				
47773		139693		
5385				
2783				
55941				
237		28754		
237				
56178		168447		
				
53632		150163		
8442				
62074				
37802		110307		
37802				
349		8710		
225				
574				
20				
20				
100470		269180		
				
37460		118806		
9706				
47166				
24757		94367		
2278				
2221				
1761				
1704				
607				
33328				
80494		213173		
				
39190		149878		
39190				
19013		72604		
5737				
5704				
30454				
231		8383		
231				
69875		230865		
				
39963		119471		
5894				
2708				
48565				
36435		91077		
36435				
629		6116		
629				
171		3887		
157				
328				
		45		
85957		220596		
				
30358		114652		
24322				
5048				
1919				
61647				
31507		90833		
31507				
116		14585		
116				
		67		
93270		220137		
				
48750		102758		
7520				
5638				
61908				
12922		57352		
5097				
18019				
16				
16				
		30556		
79943		190666		
				
11037		107426		
10881				
10013				
8204				
6288				
4065				
1318				
894				
52700				
28743		80756		
28743				
31		11246		
31				
		20		
81474		199448		
1403020		3825274		
				
				
667369		2168742		
667369				
380189		1503297		
304026				
684215				
1834		65856		
1834				
		50101		
383		26454		
383				
		648		
1353801		3815098		
				
38673		151173		
10394				
8871				
1737				
1421				
1213				
62309				
		45656		
62309		196829		
				
66439		108203		
21496				
87935				
8161	7492	83226		
6886	3645			
3863				
2785				
1527				
1095				
24317	11137			
112252	11137	191429		
				
		207616		
				
9593				
42182				
42182				
				
18760	29817	123236		
18147	15902			
10008				
5956				
1548				
762				
686				
55867	45719			
21143		68074		
16063				
37206				
		2728		
		3067		
93073	45719	197105		
309816	56856	792979		
				
				
223997		718482		
15093				
8812				
247902				
157955		265814		
83715				
241670				
		25048		
		7807		
489572		1017151		
				
61439		160357		
14102				
383				
75924				
21441		122858		
14785				
14464				
1213				
299				
52202				
		392		
128126		292909		
				
74970		206245		
818				
75788				
37609		72173		
971				
38580				
		619		
114368		279037		
				
73962		193104		
6774				
337				
81073				
20007		67714		
482				
20489				
80				
				
63				
93				
9				
245				
		407		
101807		275802		
				
74568		162416		
1677				
76245				
49401		129877		
12495				
512				
62408				
		544		
418				
288				
30				
4				
740				
139393		298052		
				
57282		145319		
945				
58227				
37778		130313		
22616				
235				
60629				
		367		
237				
211				
29				
4				
481				
119337		283556		
603031		1429356		
				
333652		825507		
25152				
9985				
3782				
372571				
110450		566199		
39753				
36760				
31859				
24602				
14637				
4417				
2363				
264841				
		18940		
		14466		
		1448		
637412		1442588		
				
48505		149944		
48505				
48505		149944		
				
72417		182800		
72417				
3781		21907		
3781				
76198		204707		
				
15428		111909		
14474				
7486				
6499				
5838				
5151				
54876				
34932		88924		
12764				
47696				
102572		200833		
				
53019		120827		
53019				
34996		116958		
17701				
52697				
105716		237785		
				
52856		127427		
52856				
31120		52375		
31120				
		5710		
83976		185512		
				
35575		133770		
8998				
44573				
21585		100493		
20871				
42456				
87029		234263		
				
48604		137825		
48604				
39206		110314		
39206				
		2708		
87810		250847		
				
33671		130759		
6529				
2424				
1249				
43873				
40783		113547		
40783				
84656		244306		
				
56828		141904		
56828				
56828		194226		
				
24435		110599		
18524				
16690				
59649				
38928		89846		
38928				
98577		200445		
				
28397		102179		
28397				
33900		84618		
23267				
11519				
68686				
97083		186797		
				
58817		94056		
16965				
6525				
82307				
26577		91170		
20078				
46655				
128962		185226		
				
44402		118710		
44402				
14416		91987		
8334				
7293				
30043				
74445		210697		
				
71511		122073		
71511				
11585		49997		
11585				
		5400		
83096		177470		
				
31618		109534		
6514				
38132				
32825		79766		
32825				
		15248		
70957		204548		
				
50629		134113		
50629				
24541		70994		
24541				
75170		205107		
				
30630		118486		
16296				
46926				
20712		95000		
19890				
14955				
8503				
64060				
110986		213486		
				
47785		161888		
47785				
58081		78558		
58081				
105866		240446		
				
51792		165219		
22210				
74002				
33283		53549		
33283				
		10988		
107285		229756		
1685717		3956401		
				
				
671591		2028945		
153154				
824745				
568563		1948716		
487217				
1055780				
1880525		3977661		
				
21142		81269		
13112				
11397		13		
11161				
56812				
6497		71542		
1301				
7798				
		6424		
		1334		
		9		
		6		
		6		
64610		160603		
				
25603		104442		
15146		24		
3833				
44582				
5674		55409		
2233				
1468				
965				
10340				
		14584		
		5		
54922		174464		
119532		335067		
				
25457	46989	152755		
13149	21799			
11665				
8521				
7192				
6769				
3849				
3237				
1006				
80845	68788			
10566		67008		
8402				
18968				
		163		
99813	68788	233695		
				
64973		138861		
12923				
77896				
		102		
77896		259672		
				
19051	37352	126235		
20923	35185			
16071				
15503				
6787				
4216				
82551	72537			
10551		66497		
5639				
16190				
		96		
98741	72537	202108		
				
34103	54412	137586		
23877	22590			
11854				
11073				
6041				
86948	77002			
		181		
86948	77002	216838		
				
		156		
		228286		
				
50138		125459		
5527				
55665				
15709	13689	72661		
13487	13578			
2911				
32107	27267			
		81		
87772	27267	199590		
451170	245594	1340189		
				
342464		810771		
70194				
412658				
100362		364598		
69853				
170215				
		21953		
582873		1318794		
				
34527		153703		
28380				
19134				
82041				
		19134		
82041		319426		
82041		319426		
				
		227947		
				
78862		123006		
3546				
82408				
9012		26045		
9012				
		3110		
91420		152161		
				
92414		141796		
92414				
9778		25400		
9778				
		2497		
		1993		
		1185		
		509		
102192		173380		
				
26869		92032		
25454				
14274				
10492				
5149				
4552				
1259				
739				
670				
655				
440				
90553				
7006		45387		
4530				
3814				
2647				
3				
18000				
		17077		
		5773		
		811		
		380		
		380		
		216		
108553		162056		
				
27812		103969		
20420				
11413				
9237				
5992				
74874				
41573		70254		
41573				
		3178		
		2159		
		1714		
		917		
116447		182191		
				
28660		99162		
2214				
1213				
32087				
11933		74204		
10009				
9767				
3158				
2375				
1530				
1385				
1212				
1129				
562				
319				
43379				
		584		
		533		
		444		
		396		
		391		
		333		
		159		
		156		
75466		176362		
				
24374		128517		
24091				
23808				
3974				
2482				
695				
465				
79889				
9430		56145		
9208				
8917				
2777				
817				
31149				
		2157		
		1296		
		1270		
		1103		
		596		
111038		191084		
				
97088		158916		
97088				
23235		54347		
23235				
		6320		
120323		219583		
				
35024		98759		
17637				
17308				
1546				
720				
4		9		
72239				
27139		64960		
12971				
40110				
		2440		
		1237		
112349		167405		
				
63402		99827		
17153				
80555				
13295		33879		
7165				
1199				
21659				
		673		
		528		
102214		134907		
940002		1559129		
				
54478		129398		
54478				
				
54478		144209		
				
39685		130020		
39685				
39685		146731		
				
40661		101180		
40661				
5306		47848		
5306				
		22		
45967		152652		
				
39579		136338		
20496				
3748				
3190				
1044				
947				
69004				
13783		40975		
13783				
		4244		
82787		186286		
				
49295		106742		
49295				
17262		41649		
17262				
66557		151349		
				
46095		107140		
46095				
8743		50717		
8743				
54838		162557		
				
43567		143655		
43567				
				
		1019		
43567		176378		
				
52595		161417		
8614				
3542				
1565				
66316				
15030		34694		
15030				
81346		201099		
				
21465		80107		
21465				
4629		24201		
2317				
6946				
28411		105767		
				
46881		144980		
5038				
4656				
56575				
15373		74086		
15373				
71948		224171		
				
55610		125581		
9586				
6680				
71876				
8378		23989		
8378				
		1449		
80254		155340		
				
40325		109882		
10943				
6361				
57629				
6849		38434		
6849				
				
64478		152917		
				
59070		113201		
59070				
		11192		
59070		130043		
				
45990		140623		
5499				
3004				
2448				
56941				
6842	1575	44431		
5112	1309			
4498				
16452	2884			
73393	2884	185054		
				
37430		53546		
7282				
44712				
4201	1558	39964		
5401	1187			
3310				
12912	2745			
				
57624	2745	96080		
				
26066		49301		
26066				
9817		31051		
9817				
		221		
35883		84892		
				
21479	21913	106696		
18679	11730			
11870				
9853				
3119				
65000	33643			
11244		63138		
11244				
76244	33643	172642		
				
21570		85108		
9133				
1508				
32211				
5188		33067		
2743				
1199				
9130				
		28		
41341		121321		
				
63780		106059		
63780				
8256		25984		
8256				
72036		136358		
				
16935		58645		
16935				
3838	2430	31757		
3510	957			
2479				
1997				
11824	3387			
28759	3387	92185		
				
61923		162924		
14166				
76089				
14773		65927		
14773				
90862		236545		
				
43418		140537		
43418				
7467		62082		
3956				
2858				
14281				
				
		66		
57699		208223		
				
9250	7210	74853		
9695	6488			
6369				
1990				
1459				
28763	13698			
34104		67348		
6799				
40903				
		5432		
				
		1419		
69666	13698	151534		
				
33283		100078		
6298				
39581				
39581		122687		
				
29949		99967		
29949				
23955		84849		
10541				
34496				
				
64445		189247		
				
44047		120984		
7284				
51331				
7450		55385		
7450				
58781		180431		
				
5921	4742	51001		
6368	4496			
4268				
3097				
19654	9238			
21948		50226		
21948				
41602	9238	106599		
				
48634		62773		
48634				
13629		46740		
4792				
18421				
				
67055		111402		
				
9567		43257		
9567				
4137		22825		
1514				
657				
474				
307				
7089				
16656		66948		
				
23725		86322		
23725				
3681	2126	24668		
2809	1023			
944				
7434	3149			
31159	3149	113978		
				
52321		126384		
5910				
58231				
58231		153119		
				
30509		79433		
5937				
36446				
7461		44258		
7461				
43907		126869		
1798310	68744	4745613		
				
				
		195462		
				
23067		127151		
11227				
34294				
				
				
		2391		
		1726		
34294		251847		
				
		1604		
		193186		
34294		640495		
				
				
98512		390179		
93905				
				
				
				
				
				
				
192417				
				
		20		
		6		
		2		
192417		633829		
				
65920		154006		
913				
66833				
10797		76403		
9631				
3545				
659				
24632				
141				
141				
		4704		
		3222		
		186		
91606		238521		
91606		238521		
				
64515		151281		
7892		3544		
175				
72582				
22750		72699		
1176				
23926				
171				
171				
		2731		
		2356		
		1433		
		1021		
		113		
96679		235178		
				
28956		135564		
3963				
32919				
		2544		
		304		
32919		212236		
				
14396		88340		
9762				
6342				
2950				
1620				
1372				
36442				
		7194		
		164		
36442		166289		
				
		2383		
		2039		
		171		
		163900		
				
		432		
		198389		
				
17120		119560		
9153				
3460				
2608				
1626				
802				
583				
35352				
		4992		
		185		
35352		235299		
				
		21649		
		15309		
		2709		
		167154		
				
		15164		
		413		
		233402		
				
7136		71145		
6654				
13790				
		2707		
		492		
13790		190748		
				
				
				
				
				
				
				
		4282		
		166		
		186917		
				
		4607		
		229		
		208556		
				
20075		110739		
15815				
35890				
		1846		
		1382		
		959		
		305		
35890		226951		
154393		2189841		
				
		5063		
		419		
		1		
		1		
		1		
		1		
		1		
		1		
		1		
		1		
		1		
		1		
		1		
		27666		
		27666		
				
90208		172642		
44269		126737		
20185				
6864				
161526		299379		
				
73734		155241		
74032		148722		
10548				
9566				
7627				
175507		303963		
				
46001		152799		
51895		135654		
22621				
19995				
18453				
6309				
165274		288453		
				
82909		156726		
31782		74973		
9826				
9214				
4270				
3136				
141137		231699		
				
106191		177235		
21091		101146		
15538				
10787				
10635				
5569				
169811		278381		
				
90596		151873		
45959		109800		
23410				
159965		261673		
				
110914		232649		
8860		47741		
6135				
4999				
4781				
3220				
138909		280390		
				
76118		161296		
43272		148581		
15313				
9376				
8291				
3405				
2648				
1761				
987				
161171		309877		
				
63866		123743		
32116		101851		
24509				
4159				
124650		225594		
1397950		2479409		
				
670284		1314930		
483305		1196164		
185034				
37231				
12122				
11525				
11344				
9162				
6545				
6019				
4718				
4593				
3387				
2818				
2039				
1450126		2511094		
				
14783		90660		
11353				
8994				
3636				
2110				
1533				
42409				
36135		89220		
28500				
64635				
107044		179880		
				
27958		126814		
27958				
29579		55001		
29579				
		3431		
57537		185246		
				
44929		83636		
21620				
66549				
5056		65611		
4623				
4238				
2906				
16823				
83372		149247		
				
247953		514373		
				
				
68827		283358		
16267				
9108				
94202				
38568		230013		
8015				
1546				
1389				
1312				
1207				
937				
475				
459				
176				
54084				
223		10152		
223				
		6425		
148509		529948		
				
76542		179819		
241				
76783				
18657		79363		
59				
18716				
46		4311		
2				
48				
		134		
7				
7				
95554		263627		
				
38041		191164		
76				
38117				
24885		118099		
22783				
73				
47741				
		197		
8				
8				
3				
3				
85869		309460		
				
24514		126380		
51				
24565				
41216		116838		
12312				
42				
53570				
		8001		
		121		
7				
7				
3				
3				
78145		251340		
				
33107		143559		
6430				
52				
39589				
14077		61543		
11164				
111				
25352				
		2802		
		199		
10				
10				
6				
6				
64957		208103		
				
119713		229642		
534				
120247				
18242		90634		
51				
18293				
		10813		
		169		
6				
6				
5				
5				
138551		331258		
				
77992		183271		
280				
78272				
17405		75926		
31				
17436				
		170		
4				
4				
0				
0				
95712		259367		
				
41032		132551		
21075				
25				
62132				
28585		113018		
4920				
16				
33521				
		8397		
		423		
11				
11				
4				
4				
95668		254389		
				
38521		143998		
25704				
14107				
1968				
36				
80336				
23307		118646		
44				
23351				
		294		
6				
6				
3				
3				
103696		262938		
758152		2140482		
				
504644		1125999		
61633				
28929				
601				
23		134		
595830				
223688		1020958		
746				
224434				
		23473		
		638		
		129		
70				
70				
42				
42				
820376		2171331		
				
84063		131661		
17148				
289				
101500				
20410		45768		
198				
20608				
		287		
122108		186969		
122108		186969		
				
				
				
				
				
				
				
				
				
				
				
				
				
				
				
				
				
				
				
