GENERAL RESULTS
1176394
693933
6701
3529
1994
898

190889
111025
5069
2092
1675
1058
790

1104294
893524
11856
2773
138

572898
469953
6171
2352
2083
1488

6745485
5509826
50165
40771
27607
26645
21213
1
82
8
49

1101255
1001732
12718
7664
2562
1591
804
700
378
329
241
216
140

857488
693826
12969
9564
3367
1543
12

200152
171660
2153
586
289
250
100

202970
21256
1485
737
506
502
130

3964522
3583544
32971
11996
6626
3917
3502
2732

1914254
1366149
18387
2231
580
228
26
8
7
5

231708
194191
1737
1377

409235
181098
3844
3084
1115
58
9
3
1

2891550
2345946
32442
3571
440
241
115
4
4
3
2
1
1
1
1

1479438
969011
18058
1328
102
37
22
6

751957
741898
5973
2992
1304
1141
1094
373
176

736456
434993
9348
4013
2899
33
5
5
4

1069439
712733
8856
2619
2213
13
9

1102169
820299
7032
5203
2781
1795
1566
1276
985

396842
330201
8069
2936
1965
735
4

1334493
1024703
11854
6094
3632
3421
2440
27
7
4
2
1

1803800
1071109
15022
10623
7028
4806

2479183
2313746
24035
10552
5325
4980
1431

1445014
1346695
18683
4639
4408
3074
2521
2387
539
416
4
2
2
2
1

684981
458094
3177
1793
1759
1268
1073

1455713
1259171
9831
5355
1294

266063
173710
6168
1764
1733
996
6
3
2

512814
254328
5698
2041
1314
978
931
82

418690
397190
4838
3688
3176
1152
853

340511
331237
4479
538
372
357
161
42
14
14
8
5

1911430
1670003
19418
4514
2750
1807
664
575
530

376930
370942
4053
2382
1226
771

4314280
2962567
99873
11607
2405
207
87
4
4
2

1961166
1525849
11731
1805
348
108

196651
111052
3756
851
514
9

2859768
2741167
14676
11939
192
114
22
17
11
2

959792
503966

943163
866831
8956
7260
5315
5257

2938095
2793847
21185
6319
6318
2656
1170

259760
169046
4651
1333
907
413
339
284
253
35
12
12
10
10
9
9
8
8
7
6
6
6
5
5

937974
661699
5520
5317
3608
2124
1488

232584
149244
4320
1103
964

1384375
1036477
8992
4866
2570
33
6

4526917
2832704
38787
9159
1636
1014
219
126
111
92

663742
241199
11305
6841
3375
946
393
39
2
1
1

184067
121180
4494
1102
957
265
244

1716959
1454742
11032
10161
2952
2393
104
23
1

1510201
1304894
23283
11955
3922
2974
1077
547
231

423778
326541
4063
1405
82
13
5

1489504
1478120
16390
6464
2986
2661
471
411

167629
70776
2741
1171
631
480














































































































































































































































































































































































































































































































































































































































































































































































































































































































































































































































































































